MJD filter mag dmag
59919.157900 B 16.4799 0.0729
59919.206070 B 16.4321 0.0080
59919.208680 B 16.4394 0.0090
59919.232540 B 16.4754 0.0629
59919.276940 B 16.4240 0.0719
59919.650510 B 16.4324 0.0078
59919.653160 B 16.4390 0.0095
59920.032190 B 16.3526 0.1065
59920.082030 B 16.3527 0.0580
59920.093970 B 16.3455 0.0092
59920.096590 B 16.3459 0.0084
59920.185400 B 16.3408 0.0527
59920.194390 B 16.3482 0.0729
59920.228090 B 16.3225 0.0957
59920.235550 B 16.3263 0.1260
59920.552290 B 16.3146 0.1552
59920.783580 B 16.3108 0.0177
59920.786200 B 16.3090 0.0178
59921.209780 B 16.2515 0.0124
59921.212420 B 16.2518 0.0070
59921.496680 B 16.2522 0.0067
59921.499310 B 16.2573 0.0070
59921.508800 B 16.2857 0.1115
59921.564590 B 16.2945 0.0836
59921.611560 B 16.2570 0.0981
59921.669650 B 16.2011 0.1192
59921.695510 B 16.2508 0.1724
59921.798350 B 16.3373 0.0354
59921.800970 B 16.3085 0.0432
59922.509410 B 16.2605 0.0694
59922.557420 B 16.3382 0.0638
59922.575240 B 16.2422 0.0076
59922.577870 B 16.2419 0.0074
59922.612140 B 16.2874 0.1013
59922.629160 B 16.3164 0.0898
59922.837810 B 16.2868 0.0156
59922.840420 B 16.2916 0.0198
59923.016060 B 16.2845 0.0153
59923.018680 B 16.3010 0.0239
59923.485150 B 16.2665 0.0060
59923.487780 B 16.2722 0.0060
59923.570690 B 16.2433 0.0536
59923.649780 B 16.2521 0.0759
59923.658270 B 16.2135 0.0728
59923.689320 B 16.2535 0.0803
59923.709900 B 16.2070 0.0970
59923.748640 B 16.2173 0.0812
59924.187390 B 16.2419 0.0075
59924.190010 B 16.2501 0.0081
59924.553750 B 16.3255 0.0519
59924.634510 B 16.3210 0.0675
59924.653570 B 16.2990 0.0602
59924.681650 B 16.2692 0.0800
59924.695540 B 16.2829 0.0778
59924.894250 B 16.2308 0.0075
59924.896890 B 16.1988 0.0073
59925.195100 B 16.1865 0.0090
59925.197720 B 16.2273 0.0136
59925.511130 B 16.1406 0.1505
59925.633070 B 16.2904 0.0091
59925.635700 B 16.2887 0.0067
59926.029010 B 16.3592 0.0747
59926.040680 B 16.3709 0.0793
59926.133040 B 16.3273 0.0455
59926.173270 B 16.3660 0.0472
59926.248510 B 16.2949 0.0691
59926.294770 B 16.2992 0.0782
59926.512230 B 16.3040 0.0647
59926.537700 B 16.3794 0.0645
59926.624530 B 16.2805 0.0067
59926.627160 B 16.2994 0.0059
59926.630340 B 16.2979 0.0899
59926.691970 B 16.3754 0.0801
59927.205150 B 16.3481 0.1433
59927.226140 B 16.3442 0.2170
59927.259360 B 16.4097 0.2376
59927.291560 B 16.3920 0.2789
59927.701620 B 16.3769 0.0825
59928.094480 B 16.3418 0.0461
59928.120070 B 16.4092 0.0522
59928.130780 B 16.4159 0.0526
59928.221520 B 16.4562 0.0581
59928.265650 B 16.5008 0.0489
59928.294540 B 16.4376 0.0626
59928.589370 B 16.3582 0.0053
59928.592000 B 16.3579 0.0054
59929.173050 B 16.3612 0.3648
59930.038000 B 16.3834 0.0614
59930.045450 B 16.4278 0.0525
59930.057320 B 16.4723 0.0608
59930.190240 B 16.4057 0.0782
59930.198530 B 16.4621 0.0683
59930.259060 B 16.4269 0.0932
59930.516340 B 16.4481 0.1136
59930.617390 B 16.4045 0.0701
59931.182600 B 16.4126 0.0673
59931.548600 B 16.3432 0.0153
59931.551220 B 16.3653 0.0055
59931.573390 B 16.3274 0.3455
59931.665560 B 16.4434 0.0591
59932.075970 B 16.4060 0.0388
59932.139510 B 16.3928 0.0590
59932.226090 B 16.4187 0.0741
59933.058720 B 16.4522 0.0100
59933.084080 B 16.5131 0.0525
59933.131190 B 16.4650 0.0454
59933.219910 B 16.5189 0.0705
59933.274400 B 16.5556 0.0744
59934.148680 B 16.5172 0.0122
59934.219890 B 16.5717 0.0768
59934.245790 B 16.5937 0.0685
59935.126860 B 16.5856 0.0678
59935.134530 B 16.6229 0.0629
59935.177230 B 16.5728 0.0587
59935.222920 B 16.6336 0.0615
59935.230350 B 16.6505 0.0730
59935.851690 B 16.6831 0.0344
59936.081710 B 16.6361 0.0504
59936.134550 B 16.6018 0.0764
59936.184610 B 16.5884 0.0696
59936.237810 B 16.7239 0.0618
59936.283140 B 16.6302 0.0782
59937.161290 B 16.6817 0.0625
59937.899830 B 16.7342 0.0091
59938.109910 B 16.7485 0.0517
59938.152220 B 16.6972 0.0658
59938.232710 B 16.7507 0.0620
59939.129800 B 16.7291 0.0613
59939.172660 B 16.7382 0.0647
59939.233020 B 16.7819 0.0658
59939.874570 B 16.9133 0.0299
59940.056320 B 16.7576 0.0618
59940.106320 B 16.7979 0.0779
59940.131350 B 16.8243 0.0554
59940.179870 B 16.8133 0.0683
59940.229640 B 16.8433 0.0723
59940.516730 B 16.9022 0.1873
59941.035410 B 16.9492 0.0768
59941.085030 B 16.8066 0.0550
59941.155560 B 16.9022 0.0723
59941.201050 B 16.9225 0.0583
59941.812490 B 16.9810 0.0190
59942.034900 B 16.9601 0.0757
59942.154740 B 16.9038 0.0614
59942.195430 B 16.9713 0.0601
59942.252060 B 17.0279 0.0835
59942.517240 B 17.0143 0.1741
59943.081630 B 17.0981 0.0632
59943.167260 B 17.0988 0.0898
59943.191750 B 17.0190 0.0591
59943.251590 B 17.0925 0.0656
59943.517370 B 17.0458 0.1068
59943.787600 B 17.1185 0.0178
59944.089330 B 17.1766 0.1102
59944.119480 B 17.1445 0.0976
59944.188690 B 17.1973 0.1181
59944.517550 B 17.1863 0.1034
59944.850240 B 17.1361 0.0287
59945.862030 B 17.2399 0.0908
59945.921750 B 17.2436 0.0284
59946.101980 B 17.2257 0.1152
59946.163570 B 17.2107 0.1176
59947.065030 B 17.2296 0.1642
59947.111980 B 17.2633 0.0165
59947.115200 B 17.2460 0.1191
59948.097250 B 17.2842 0.1715
59948.138030 B 17.2959 0.1704
59948.171150 B 17.2948 0.1477
59948.242140 B 17.3045 0.1862
59950.926270 B 17.3436 0.0399
59954.836810 B 17.3938 0.0222
59956.146570 B 17.4113 0.0910
59958.540910 B 17.4720 0.0115
59960.105990 B 17.4130 0.0716
59963.035450 B 17.5571 0.0131
59964.135300 B 17.5740 0.0159
59967.127770 B 17.6453 0.0223
59970.061750 B 17.6353 0.0168
59970.430850 B 17.6145 0.0146
59972.078430 B 17.6469 0.0176
59974.117360 B 17.6867 0.0205
59974.143860 B 17.6857 0.1485
59974.551430 B 17.6857 0.2063
59975.038370 B 17.7083 0.0181
59975.143470 B 17.7469 0.1621
59977.114770 B 17.7892 0.1698
59978.027620 B 17.7950 0.1627
59978.479570 B 17.8299 0.0193
59979.834230 B 17.8428 0.0243
59983.437380 B 17.8380 0.0132
59987.057820 B 17.9302 0.0128
59991.039190 B 17.9588 0.0162
59991.460480 B 17.9232 0.0394
59993.045950 B 18.0258 0.0160
59995.025520 B 18.0582 0.0135
59995.032840 B 18.0060 0.0168
59999.432930 B 18.0945 0.0153
60003.419660 B 18.1421 0.0222
60007.414050 B 18.1508 0.0231
60011.402850 B 18.3177 0.0272
60017.004130 B 18.5011 0.0216
59919.328652 B_S 16.4745 0.0615
59919.738032 B_S 16.3723 0.0363
59919.871413 B_S 16.2595 0.0528
59920.428974 B_S 16.2683 0.0490
59920.738299 B_S 16.2576 0.0659
59921.385020 B_S 16.3626 0.0549
59922.450545 B_S 16.2429 0.0506
59922.781488 B_S 16.2485 0.0505
59923.171195 B_S 16.1543 0.0464
59923.513126 B_S 16.2044 0.0444
59924.366473 B_S 16.2858 0.0520
59924.630901 B_S 16.2482 0.0506
59925.465145 B_S 16.2386 0.0577
59926.792571 B_S 16.2904 0.0493
59927.418199 B_S 16.3135 0.0607
59928.143408 B_S 16.1928 0.0687
59929.747284 B_S 16.2928 0.0532
59930.463233 B_S 16.3738 0.0564
59931.462698 B_S 16.3457 0.0724
59932.721492 B_S 16.4846 0.0577
59933.454712 B_S 16.4974 0.0558
59934.742836 B_S 16.5858 0.0616
59935.672015 B_S 16.6390 0.0786
59936.629069 B_S 16.7029 0.0658
59937.330276 B_S 16.5684 0.0624
59938.321734 B_S 16.7526 0.0618
59939.677676 B_S 16.7375 0.0606
59940.482382 B_S 16.8183 0.0716
59941.364352 B_S 16.9230 0.0686
59944.639815 B_S 17.0546 0.0839
59946.302623 B_S 17.0299 0.0811
59919.091317 DLT40 16.5406 0.0252
59919.153029 DLT40 16.5494 0.0270
59919.155122 DLT40 16.5208 0.0257
59919.157175 DLT40 16.4979 0.0238
59919.167968 DLT40 16.5501 0.0399
59919.168862 DLT40 16.5040 0.0209
59919.244882 DLT40 16.5467 0.0466
59919.284840 DLT40 16.5366 0.0257
59919.316043 DLT40 16.5254 0.0401
59919.506711 DLT40 16.5165 0.0188
59919.540471 DLT40 16.4188 0.0196
59919.585199 DLT40 16.3561 0.0175
59919.616941 DLT40 16.4328 0.0178
59919.629005 DLT40 16.4671 0.0274
59919.666675 DLT40 16.4291 0.0236
59919.690653 DLT40 16.4513 0.0204
59919.729850 DLT40 16.4690 0.0301
59919.775089 DLT40 16.5420 0.0420
59920.031464 DLT40 16.3452 0.0181
59920.059820 DLT40 16.3394 0.0495
59920.059821 DLT40 16.3962 0.0293
59920.081312 DLT40 16.4086 0.0161
59920.116969 DLT40 16.4144 0.0129
59920.192833 DLT40 16.2649 0.0160
59920.193670 DLT40 16.3340 0.0146
59920.227377 DLT40 16.3941 0.0209
59920.243099 DLT40 16.3892 0.0153
59920.243904 DLT40 16.4198 0.0173
59921.563844 DLT40 16.1798 0.0134
59921.610765 DLT40 16.2232 0.0222
59921.622112 DLT40 16.2882 0.0277
59921.668888 DLT40 16.2218 0.0257
59921.694807 DLT40 16.2393 0.0176
59921.757091 DLT40 16.2342 0.0386
59922.556697 DLT40 16.1455 0.0130
59922.611442 DLT40 16.1169 0.0183
59922.628470 DLT40 16.1663 0.0211
59922.737676 DLT40 16.1644 0.0285
59922.778187 DLT40 16.2132 0.0335
59922.790249 DLT40 16.2558 0.0442
59923.569918 DLT40 16.0900 0.0125
59923.648916 DLT40 16.1092 0.0110
59923.657459 DLT40 16.1283 0.0143
59923.665950 DLT40 16.1432 0.0108
59923.666775 DLT40 16.1110 0.0116
59923.688625 DLT40 16.1537 0.0175
59923.720184 DLT40 16.1402 0.0164
59923.747882 DLT40 16.1182 0.0184
59924.553037 DLT40 16.0910 0.0103
59924.606748 DLT40 16.0924 0.0118
59924.633795 DLT40 16.0879 0.0127
59924.661254 DLT40 16.1148 0.0130
59924.680882 DLT40 16.1234 0.0141
59924.705536 DLT40 16.1322 0.0141
59924.779264 DLT40 16.1504 0.0268
59925.530892 DLT40 16.0931 0.0146
59925.557115 DLT40 16.0779 0.0128
59925.708927 DLT40 16.0867 0.0209
59926.028085 DLT40 16.1120 0.0178
59926.039773 DLT40 16.1133 0.0100
59926.132314 DLT40 16.1343 0.0108
59926.172526 DLT40 16.0896 0.0143
59926.222389 DLT40 16.0812 0.0182
59926.247784 DLT40 16.1749 0.0166
59926.293905 DLT40 16.1544 0.0210
59926.306005 DLT40 16.1770 0.0236
59926.511514 DLT40 16.1161 0.0180
59926.536932 DLT40 16.0674 0.0109
59926.629619 DLT40 16.0886 0.0110
59926.691277 DLT40 16.1138 0.0145
59926.763395 DLT40 16.1572 0.0196
59927.202022 DLT40 16.1852 0.0157
59927.225415 DLT40 16.1576 0.0148
59927.252217 DLT40 16.1411 0.0133
59927.258653 DLT40 16.1572 0.0242
59927.305273 DLT40 16.1672 0.0239
59927.562360 DLT40 15.7973 0.0327
59927.700914 DLT40 16.1583 0.0164
59927.764814 DLT40 16.1805 0.0318
59928.093747 DLT40 16.1197 0.0100
59928.119351 DLT40 16.1549 0.0091
59928.142648 DLT40 16.1164 0.0102
59928.220802 DLT40 16.1224 0.0095
59928.242044 DLT40 16.0730 0.0144
59928.264926 DLT40 16.1595 0.0133
59928.293829 DLT40 16.1738 0.0117
59928.683164 DLT40 16.1201 0.0179
59929.182580 DLT40 16.1225 0.0446
59929.549056 DLT40 16.0721 0.0097
59929.770313 DLT40 16.1322 0.0271
59930.035739 DLT40 16.1038 0.0203
59930.036574 DLT40 16.0737 0.0142
59930.037283 DLT40 16.1232 0.0153
59930.055888 DLT40 16.0900 0.0119
59930.056591 DLT40 16.1453 0.0106
59930.189377 DLT40 16.0907 0.0153
59930.197698 DLT40 16.1211 0.0134
59930.256527 DLT40 16.1684 0.0174
59930.266511 DLT40 16.1054 0.0189
59930.515580 DLT40 16.1001 0.0105
59930.616629 DLT40 16.0629 0.0105
59930.684975 DLT40 16.1026 0.0100
59930.693287 DLT40 16.0923 0.0113
59931.092466 DLT40 16.0882 0.0120
59931.181190 DLT40 16.0308 0.0124
59931.181896 DLT40 16.0403 0.0119
59931.567648 DLT40 16.0606 0.0090
59931.569389 DLT40 16.0576 0.0094
59931.664863 DLT40 16.0543 0.0113
59931.764000 DLT40 16.1483 0.0173
59932.075240 DLT40 16.0125 0.0472
59932.075242 DLT40 16.0595 0.0133
59932.146969 DLT40 16.0707 0.0117
59932.198523 DLT40 16.0819 0.0131
59932.225370 DLT40 16.0359 0.0460
59932.225374 DLT40 16.0842 0.0127
59932.530496 DLT40 16.0530 0.0166
59933.083342 DLT40 16.0284 0.0114
59933.130476 DLT40 16.0254 0.0114
59933.156810 DLT40 16.0465 0.0465
59933.156811 DLT40 16.0609 0.0127
59933.227369 DLT40 16.0767 0.0119
59933.273678 DLT40 16.0835 0.0135
59934.084162 DLT40 16.0746 0.0108
59934.219182 DLT40 16.1119 0.0101
59934.253260 DLT40 16.1369 0.0105
59935.032067 DLT40 16.0772 0.0202
59935.082241 DLT40 16.1287 0.0136
59935.126128 DLT40 16.0937 0.0128
59935.184682 DLT40 16.1303 0.0122
59935.222180 DLT40 16.1026 0.0118
59936.032428 DLT40 16.1338 0.0203
59936.079386 DLT40 16.1373 0.0118
59936.085707 DLT40 16.0916 0.0128
59936.138192 DLT40 16.1152 0.0147
59936.183885 DLT40 16.1106 0.0132
59936.245494 DLT40 16.1847 0.0094
59936.282291 DLT40 16.1668 0.0165
59937.160560 DLT40 16.1728 0.0111
59937.209554 DLT40 16.1728 0.0100
59938.073706 DLT40 16.0914 0.0115
59938.109187 DLT40 16.1012 0.0116
59938.151493 DLT40 16.1318 0.0127
59938.240176 DLT40 16.1632 0.0137
59939.071010 DLT40 16.1259 0.0167
59939.129068 DLT40 16.1406 0.0153
59939.180124 DLT40 16.1255 0.0145
59939.232310 DLT40 16.1719 0.0159
59940.055575 DLT40 16.1089 0.0131
59940.105598 DLT40 16.1296 0.0121
59940.138786 DLT40 16.1294 0.0135
59940.139596 DLT40 16.1360 0.0125
59940.179153 DLT40 16.1290 0.0150
59940.515931 DLT40 16.2589 0.0152
59940.690573 DLT40 16.2239 0.0252
59941.033677 DLT40 16.1828 0.0197
59941.034691 DLT40 16.1961 0.0208
59941.084297 DLT40 16.1702 0.0129
59941.154843 DLT40 16.2241 0.0116
59941.208505 DLT40 16.2048 0.0144
59941.209331 DLT40 16.1840 0.0139
59941.677765 DLT40 16.1917 0.0296
59942.154014 DLT40 16.2073 0.0130
59942.203000 DLT40 16.1880 0.0098
59942.251211 DLT40 16.2687 0.0112
59942.516338 DLT40 16.1359 0.0230
59942.735437 DLT40 16.2470 0.0268
59943.080778 DLT40 16.1985 0.0176
59943.159917 DLT40 16.2031 0.0182
59943.166534 DLT40 16.1964 0.0172
59943.199192 DLT40 16.1977 0.0122
59943.250869 DLT40 16.1961 0.0160
59943.516495 DLT40 16.2411 0.0179
59943.730810 DLT40 16.2365 0.0164
59944.088610 DLT40 16.1330 0.0511
59944.088613 DLT40 16.1569 0.0199
59944.118753 DLT40 16.1735 0.0202
59944.201269 DLT40 16.1605 0.0244
59944.218823 DLT40 16.1264 0.0205
59944.516676 DLT40 16.2213 0.0223
59944.684810 DLT40 16.2327 0.0144
59944.713344 DLT40 16.2050 0.0182
59945.090978 DLT40 16.1917 0.0448
59945.090980 DLT40 16.2081 0.0943
59945.159628 DLT40 16.2253 0.0442
59945.197361 DLT40 16.2834 0.0655
59945.201465 DLT40 16.1747 0.0422
59945.516787 DLT40 16.2672 0.0181
59945.643189 DLT40 16.2668 0.0163
59945.652303 DLT40 16.2521 0.0250
59946.034605 DLT40 16.2841 0.0650
59946.109454 DLT40 16.1921 0.0256
59946.162700 DLT40 16.2099 0.0240
59947.064184 DLT40 16.2628 0.0290
59947.122657 DLT40 16.2785 0.0242
59948.096522 DLT40 16.5287 0.0266
59948.130831 DLT40 16.2535 0.0197
59948.168525 DLT40 16.2232 0.0246
59948.170437 DLT40 16.1864 0.0148
59949.034755 DLT40 16.3643 0.0223
59952.163373 DLT40 16.2836 0.0206
59953.211210 DLT40 16.3200 0.0178
59954.152992 DLT40 16.2787 0.0208
59955.200450 DLT40 16.3172 0.0163
59955.582670 DLT40 16.2369 0.0148
59956.101302 DLT40 16.2439 0.0098
59956.125908 DLT40 16.3291 0.0099
59956.126732 DLT40 16.2696 0.0098
59956.127996 DLT40 16.2626 0.0123
59956.129242 DLT40 16.2829 0.0097
59956.130492 DLT40 16.2955 0.0096
59956.131735 DLT40 16.2796 0.0099
59956.139465 DLT40 16.2423 0.0108
59956.656195 DLT40 16.3468 0.0211
59957.059663 DLT40 16.2946 0.0131
59957.060274 DLT40 16.2876 0.0105
59957.191084 DLT40 16.2610 0.0210
59958.062147 DLT40 16.3093 0.0104
59958.099881 DLT40 16.2812 0.0106
59959.039382 DLT40 16.2924 0.0106
59959.143430 DLT40 16.2708 0.0101
59959.677831 DLT40 16.2181 0.0346
59960.036101 DLT40 16.2859 0.0112
59960.141164 DLT40 16.2696 0.0101
59960.217766 DLT40 17.1187 0.0561
59961.148295 DLT40 16.2605 0.0107
59962.092138 DLT40 16.2780 0.0100
59962.109314 DLT40 16.3615 0.0442
59962.141260 DLT40 16.2628 0.0154
59962.673447 DLT40 16.1761 0.0324
59963.097094 DLT40 16.2927 0.0104
59963.142683 DLT40 16.2798 0.0124
59963.160081 DLT40 16.2598 0.0117
59963.186097 DLT40 17.0096 0.0611
59964.056462 DLT40 16.3228 0.0107
59964.092943 DLT40 16.2833 0.0140
59964.129133 DLT40 16.2733 0.0143
59965.074011 DLT40 16.2827 0.0102
59965.156431 DLT40 16.3223 0.0113
59966.041713 DLT40 16.2376 0.0118
59966.135435 DLT40 16.2591 0.0113
59966.615319 DLT40 16.3144 0.0224
59967.130389 DLT40 16.3018 0.0109
59967.654519 DLT40 16.2346 0.0264
59968.127744 DLT40 16.3127 0.0105
59968.664797 DLT40 16.2442 0.0168
59970.125581 DLT40 16.2064 0.0478
59971.111156 DLT40 16.3253 0.0117
59971.632415 DLT40 16.3046 0.0218
59972.143585 DLT40 16.3081 0.0130
59972.554049 DLT40 16.2778 0.0185
59973.127097 DLT40 16.3118 0.0196
59974.143225 DLT40 16.3456 0.0238
59974.550703 DLT40 16.3391 0.0181
59975.142508 DLT40 16.3675 0.0139
59975.162950 DLT40 16.4125 0.0174
59975.163568 DLT40 16.2698 0.0163
59977.027039 DLT40 16.2663 0.0164
59977.114037 DLT40 16.3440 0.0153
59978.027003 DLT40 16.3057 0.0189
59978.126812 DLT40 16.3424 0.0239
59980.031991 DLT40 16.3067 0.0349
60027.028738 DLT40 16.9706 0.0484
60029.024208 DLT40 17.2132 0.0285
60030.005496 DLT40 16.9832 0.0659
60030.985678 DLT40 16.7985 0.0800
60031.985377 DLT40 17.4816 0.0610
60032.463175 DLT40 17.4539 0.2329
60035.982839 DLT40 17.1604 0.2896
60036.982728 DLT40 17.1532 0.1445
59928.320000 g 16.0880 0.0110
59959.289000 g 16.7280 0.0190
59964.278000 g 16.7940 0.0190
59968.227000 g 16.8590 0.0150
60180.612000 g 20.3790 0.2630
60197.567000 g 20.2770 0.2140
60202.578000 g 20.6930 0.2880
59926.341000 i 16.3700 0.0100
59956.290000 i 16.1450 0.0170
59959.291000 i 16.1240 0.0180
59968.224000 i 16.1290 0.0080
60179.616000 i 19.0980 0.1440
60180.615000 i 19.3500 0.1430
60188.572000 i 19.3740 0.1910
60188.584000 i 19.3860 0.2010
60188.596000 i 19.4020 0.2020
60188.607000 i 19.3720 0.1920
60197.564000 i 19.3000 0.1790
60217.543000 i 19.7100 0.3200
60217.554000 i 19.8690 0.2500
60264.440000 i 19.9220 0.2700
60272.361000 i 20.1070 0.2100
60272.372000 i 20.2360 0.1670
59956.293000 r 16.1320 0.0160
59964.275000 r 16.1980 0.0150
60182.622000 r 19.2970 0.1620
60188.617000 r 19.1630 0.1940
60201.551000 r 19.5610 0.0760
60202.575000 r 19.4770 0.0900
60232.472000 r 19.7730 0.1380
60244.485000 r 19.7710 0.0690
60258.417000 r 19.9690 0.1730
59960.235000 w 16.1080 0.0030
59960.245000 w 16.0860 0.0030
59960.256000 w 16.1150 0.0030
59960.267000 w 16.1320 0.0030
60205.571000 w 20.0060 0.1080
60205.571000 w 20.0060 0.1080
60205.582000 w 19.8500 0.0550
60205.582000 w 19.8500 0.0550
60205.592000 w 19.8710 0.0550
60205.592000 w 19.8710 0.0550
60205.602000 w 20.0730 0.1020
60205.602000 w 20.0730 0.1020
60212.514000 w 19.9890 0.0880
60212.525000 w 20.0170 0.0860
60212.536000 w 19.9210 0.0650
60212.547000 w 19.9250 0.0670
60237.551000 w 20.2500 0.0900
60268.364000 w 20.5030 0.1270
60268.377000 w 20.4900 0.1180
60268.391000 w 20.6060 0.1840
60268.404000 w 20.3930 0.1090
59928.318000 y 16.4140 0.0540
59928.318000 y 16.4100 0.0500
59933.047440 g 16.2500 0.0130
59939.129200 g 16.3610 0.0070
60229.218570 g 20.6840 0.2570
60229.220410 g 20.6880 0.2500
60251.252220 g 20.7880 0.1540
60251.256170 g 20.7380 0.1530
60253.307540 g 20.8280 0.2830
60253.311480 g 20.9110 0.2750
60255.239460 g 20.8760 0.2430
60255.243400 g 20.9620 0.2250
60259.258020 g 20.9310 0.1260
60259.261950 g 20.8810 0.1070
60261.099990 g 20.7810 0.2210
60261.103940 g 20.9190 0.2530
59939.131800 i 16.2000 0.0080
59943.111060 i 16.1800 0.0080
60229.226130 i 19.8530 0.1600
60229.227980 i 19.8790 0.2040
60244.113000 i 19.8170 0.1480
60244.114850 i 19.9020 0.1830
60247.229640 i 19.9750 0.1920
60247.231520 i 19.9280 0.2360
60251.268460 i 20.1770 0.0970
60251.272390 i 20.0580 0.0920
60253.323450 i 20.1730 0.1130
60253.327550 i 20.0830 0.1160
60255.255530 i 20.0930 0.1180
60255.259650 i 20.1110 0.1160
60259.274010 i 20.1660 0.0930
60259.277950 i 20.1490 0.0900
60261.115980 i 20.1880 0.1920
60261.119920 i 20.1430 0.1560
59939.130530 r 16.0720 0.0060
59943.109630 r 16.1040 0.0060
60229.222330 r 19.7990 0.1800
60229.224190 r 19.8190 0.1980
60244.109210 r 19.7540 0.1400
60244.111080 r 19.7540 0.1570
60247.225810 r 20.0630 0.2270
60247.227680 r 19.9110 0.2250
60251.260330 r 19.8970 0.0750
60251.264270 r 19.9140 0.0800
60253.315490 r 20.0500 0.1770
60253.319440 r 20.0970 0.1610
60255.247420 r 20.0360 0.1100
60255.251510 r 20.0040 0.0840
60259.265970 r 19.9400 0.0660
60259.269990 r 19.9630 0.0690
60261.107940 r 20.2370 0.1410
60261.111880 r 20.1640 0.1540
59939.133240 z 16.2280 0.0130
59943.112310 z 16.1910 0.0110
60229.229910 z 19.5450 0.1380
60229.231750 z 19.4920 0.1170
60244.118630 z 19.7120 0.2040
60247.233490 z 19.3460 0.2300
60247.235350 z 19.7730 0.2360
60251.276560 z 19.6130 0.0900
60251.280510 z 19.7460 0.1020
60253.331560 z 20.0570 0.1480
60253.335680 z 19.9340 0.1280
60255.263660 z 19.8900 0.1300
60255.267770 z 19.7170 0.1060
60259.281970 z 19.7140 0.0950
60259.285950 z 19.9970 0.1330
60261.124070 z 20.0880 0.1900
60261.128010 z 20.0760 0.1630
59941.116000 B 16.9480 0.0140
59942.166000 B 16.9820 0.0120
59943.057000 B 17.0400 0.0130
59944.148000 B 17.0670 0.0150
59945.154000 B 17.1250 0.0160
59962.187000 B 16.9650 0.0120
59964.135000 B 17.0160 0.0120
59966.103000 B 17.6240 0.0180
59966.103000 B 17.6240 0.0180
59970.062000 B 17.6810 0.0120
59972.078000 B 17.6800 0.0130
59974.117000 B 17.7570 0.0150
59976.072000 B 17.7600 0.0130
59988.090000 B 17.9610 0.0120
59991.039000 B 17.9440 0.0120
59993.046000 B 18.0040 0.0120
59995.033000 B 18.0530 0.0120
60119.413000 B 20.7680 0.0490
60133.384000 B 21.1680 1.0860
60133.434000 B 21.2760 1.0860
60141.414000 B 20.9930 0.0410
60151.441000 B 20.2870 1.0860
60174.345000 B 20.9680 0.0530
60179.373000 B 21.7370 1.0860
60181.314000 B 20.9200 0.0580
60182.365000 B 20.8960 0.0560
59941.113000 V 16.2120 0.0110
59942.164000 V 16.2230 0.0090
59943.055000 V 16.2340 0.0100
59944.146000 V 16.2550 0.0110
59945.152000 V 16.3000 0.0110
59962.185000 V 16.3180 0.0090
59964.133000 V 16.3120 0.0090
59966.102000 V 16.4680 0.0120
59966.102000 V 16.4680 0.0120
59970.059000 V 16.4770 0.0090
59972.075000 V 16.4620 0.0090
59974.115000 V 16.5100 0.0100
59976.070000 V 16.5090 0.0110
59988.088000 V 16.6290 0.0090
59991.037000 V 16.5900 0.0090
59993.043000 V 16.3540 0.0090
59995.030000 V 16.6740 0.0090
60119.405000 V 19.5430 0.0200
60133.377000 V 19.6780 0.0540
60133.426000 V 19.7000 0.0390
60141.406000 V 19.6850 0.0220
60151.433000 V 19.8880 0.0420
60174.332000 V 19.8930 0.0320
60179.366000 V 19.9770 0.0360
60181.306000 V 19.9200 0.0340
60182.357000 V 20.0180 0.0350
59941.106000 g 16.4640 0.0100
59942.160000 g 16.5180 0.0090
59943.050000 g 16.5430 0.0090
59944.142000 g 16.5810 0.0110
59945.147000 g 16.6410 0.0110
59962.174000 g 16.8000 0.0100
59964.122000 g 16.8350 0.0100
59966.098000 g 16.9620 0.0110
59970.048000 g 17.0020 0.0090
59972.063000 g 17.0000 0.0100
59974.105000 g 17.0390 0.0110
59976.061000 g 17.0790 0.0110
59988.074000 g 17.1620 0.0090
59991.023000 g 17.1920 0.0090
59993.028000 g 17.2280 0.0090
59995.020000 g 17.2850 0.0090
60111.437000 g 19.6070 0.0440
60118.410000 g 19.6910 0.0350
60118.433000 g 19.7330 0.0360
60119.397000 g 19.7180 0.0250
60133.369000 g 19.7680 0.0580
60133.418000 g 19.7930 0.0440
60141.398000 g 19.8860 0.0220
60149.430000 g 19.9900 0.0410
60151.413000 g 19.9080 0.0320
60174.323000 g 20.0600 0.0310
60179.358000 g 20.0410 0.0360
60181.299000 g 20.0680 0.0310
60182.349000 g 20.1060 0.0250
60195.376000 g 20.2430 0.0470
59941.104000 i 16.1400 0.0080
59942.159000 i 16.1140 0.0080
59943.049000 i 16.1130 0.0090
59944.141000 i 16.0870 0.0090
59945.146000 i 16.1480 0.0090
59962.172000 i 16.1490 0.0080
59964.119000 i 16.1070 0.0070
59966.096000 i 16.1290 0.0090
59970.046000 i 16.1240 0.0080
59972.061000 i 16.0840 0.0080
59974.104000 i 16.1200 0.0090
59976.059000 i 16.1000 0.0100
59988.073000 i 16.1740 0.0080
59991.020000 i 16.1690 0.0080
59993.025000 i 16.2170 0.0080
59995.017000 i 16.2430 0.0080
60111.429000 i 18.6900 0.0260
60118.402000 i 18.7890 0.0360
60118.426000 i 18.8300 0.0170
60119.389000 i 18.8290 0.0160
60133.362000 i 18.9550 0.0250
60133.410000 i 19.0130 0.0240
60141.391000 i 19.0170 0.0170
60149.422000 i 19.1270 0.0200
60151.405000 i 19.1250 0.0250
60174.315000 i 19.2520 0.0210
60179.349000 i 19.2670 0.0270
60181.291000 i 19.4020 0.0250
60182.342000 i 19.3810 0.0240
60195.365000 i 19.5470 0.0240
59941.103000 r 16.0570 0.0100
59942.157000 r 16.0450 0.0070
59943.047000 r 16.3180 0.0080
59944.138000 r 16.0490 0.0080
59945.144000 r 16.1120 0.0080
59962.170000 r 16.1540 0.0070
59964.117000 r 16.1280 0.0070
59966.095000 r 16.1640 0.0090
59970.042000 r 16.1350 0.0070
59972.058000 r 16.1400 0.0070
59974.102000 r 16.1580 0.0070
59976.057000 r 16.1870 0.0080
59988.070000 r 16.2790 0.0070
59991.018000 r 16.2230 0.0090
59993.022000 r 16.2870 0.0080
59995.014000 r 16.2780 0.0090
60111.422000 r 18.5950 0.0130
60118.394000 r 18.7310 0.0450
60118.418000 r 18.6710 0.0110
60119.381000 r 18.6550 0.0100
60133.354000 r 18.8300 0.0230
60133.403000 r 18.8260 0.0170
60141.383000 r 18.9030 0.0130
60149.407000 r 18.9520 0.0160
60151.397000 r 18.9050 0.0130
60174.308000 r 19.1380 0.0160
60179.338000 r 19.1730 0.0160
60181.284000 r 19.1930 0.0170
60182.327000 r 19.2430 0.0130
60195.354000 r 19.3540 0.0130
59941.107000 u 18.1060 0.0220
59942.162000 u 18.2800 0.0380
59943.052000 u 18.3370 0.0390
59944.144000 u 18.3250 0.0410
59945.149000 u 18.5020 0.0430
59962.176000 u 19.2380 0.0370
59964.124000 u 19.3220 0.0300
59966.099000 u 19.8030 0.0810
59966.099000 u 19.8030 0.0810
59970.051000 u 19.8860 0.0430
59972.066000 u 20.0140 0.0510
59974.107000 u 20.0460 0.0830
59976.063000 u 20.0110 0.0800
59988.077000 u 20.4870 1.0860
59991.025000 u 20.4370 0.0490
59993.031000 u 20.4290 0.0690
59995.022000 u 20.6790 0.0830
60141.425000 u 22.0610 1.0860
60149.438000 u 21.0210 1.0860
60151.420000 u 21.5330 1.0860
59919.198310 U 15.6051 0.0128
59919.202090 U 15.6065 0.0119
59919.642760 U 15.5490 0.0135
59919.646550 U 15.5304 0.0113
59920.086160 U 15.4893 0.0099
59920.089970 U 15.5178 0.0115
59920.775840 U 15.4859 0.0212
59920.779620 U 15.4993 0.0193
59921.202040 U 15.4150 0.0113
59921.205830 U 15.4429 0.0132
59921.488920 U 15.4610 0.0096
59921.492700 U 15.4517 0.0098
59921.790620 U 15.5018 0.0189
59921.794400 U 15.4726 0.0261
59922.567480 U 15.4120 0.0135
59922.571270 U 15.4079 0.0128
59922.830070 U 15.4642 0.0198
59922.833850 U 15.5096 0.0227
59923.008320 U 15.4133 0.0250
59923.012100 U 15.4023 0.0242
59923.477390 U 15.4062 0.0078
59923.481180 U 15.4180 0.0072
59924.179630 U 15.4526 0.0099
59924.183410 U 15.4364 0.0085
59924.886460 U 15.4646 0.0106
59924.890280 U 15.4615 0.0097
59925.187340 U 15.4644 0.0097
59925.191130 U 15.4701 0.0095
59925.625320 U 15.5185 0.0091
59925.629110 U 15.5421 0.0100
59926.616760 U 15.5799 0.0095
59926.620550 U 15.5730 0.0103
59928.581600 U 15.6853 0.0078
59928.585380 U 15.6727 0.0096
59931.540850 U 15.8946 0.0128
59931.544630 U 15.8760 0.0273
59933.055920 U 16.1410 0.0118
59934.145870 U 16.2750 0.0248
59935.848880 U 16.6594 0.0410
59937.897020 U 16.7618 0.0189
59939.871770 U 17.0744 0.0404
59941.809680 U 17.3296 0.0471
59943.784770 U 17.4500 0.0620
59944.847430 U 17.4927 0.0606
59945.859230 U 17.6884 0.0740
59945.918950 U 17.7505 0.0696
59947.109160 U 17.6647 0.0293
59950.923480 U 17.8340 0.1329
59954.834010 U 18.1957 0.0640
59958.538090 U 18.2481 0.0574
59963.032630 U 18.4903 0.0459
59967.124960 U 18.7129 0.0526
59970.428040 U 18.7477 0.0894
59975.035570 U 18.8696 0.1306
59978.476750 U 18.9141 0.2156
59979.830260 U 18.9247 0.1234
59983.433400 U 19.0085 0.1034
59987.053850 U 19.0236 0.0754
59991.456500 U 19.0768 0.1145
59995.021570 U 19.1082 0.0884
59999.428980 U 19.1268 0.1104
60003.415700 U 19.2744 0.1965
60007.410090 U 19.2964 0.3339
60011.398890 U 19.3929 0.1835
60017.000150 U 19.3798 0.1105
59919.341149 UVM2 14.4008 0.0236
59919.666420 UVM2 14.2918 0.0372
59919.880350 UVM2 14.3147 0.0259
59920.432236 UVM2 14.3619 0.0262
59920.743633 UVM2 14.3615 0.0328
59921.395435 UVM2 14.5767 0.0269
59922.460929 UVM2 14.8005 0.0286
59922.791988 UVM2 14.8590 0.0286
59923.176888 UVM2 15.0341 0.0297
59923.519162 UVM2 15.1045 0.0301
59924.376871 UVM2 15.3809 0.0333
59924.641416 UVM2 15.4825 0.0345
59925.469096 UVM2 15.7661 0.0441
59926.798215 UVM2 16.2682 0.0433
59927.425389 UVM2 16.4749 0.0614
59928.148367 UVM2 16.6190 0.0807
59930.472465 UVM2 17.3952 0.0916
59931.468151 UVM2 17.8395 0.1499
59932.726243 UVM2 18.0073 0.1238
59933.458915 UVM2 17.8766 0.1051
59934.747711 UVM2 18.0454 0.1319
59935.675736 UVM2 18.1630 0.1742
59919.326235 UVW1 14.5547 0.0336
59919.735615 UVW1 14.5472 0.0235
59919.869003 UVW1 14.5044 0.0326
59920.427801 UVW1 14.5809 0.0276
59920.736502 UVW1 14.5263 0.0351
59921.381973 UVW1 14.5956 0.0288
59922.447416 UVW1 14.7368 0.0297
59922.778395 UVW1 14.7364 0.0298
59923.169488 UVW1 14.8442 0.0306
59923.511279 UVW1 14.8367 0.0303
59924.363352 UVW1 15.1035 0.0340
59924.627751 UVW1 15.1702 0.0349
59925.463972 UVW1 15.3542 0.0430
59926.790651 UVW1 15.6776 0.0409
59927.486974 UVW1 15.8917 0.0526
59928.141849 UVW1 15.9693 0.0693
59929.744400 UVW1 16.4088 0.0631
59930.460455 UVW1 16.8068 0.0826
59931.461079 UVW1 16.9607 0.1181
59932.719624 UVW1 17.4373 0.1172
59933.453367 UVW1 17.3564 0.1020
59934.741078 UVW1 17.5814 0.1249
59935.670974 UVW1 17.7056 0.1757
59919.331028 UVW2 14.3164 0.0240
59919.739490 UVW2 14.3070 0.0192
59919.873791 UVW2 14.2685 0.0238
59920.429995 UVW2 14.4726 0.0224
59920.740049 UVW2 14.6092 0.0289
59921.388023 UVW2 14.8406 0.0256
59922.453638 UVW2 15.2220 0.0289
59922.784542 UVW2 15.3307 0.0301
59923.172937 UVW2 15.3699 0.0299
59923.515001 UVW2 15.4888 0.0298
59924.369552 UVW2 15.7371 0.0355
59924.634014 UVW2 15.7743 0.0358
59925.466325 UVW2 15.9497 0.0452
59926.794026 UVW2 16.3998 0.0456
59927.420390 UVW2 16.3616 0.0544
59928.144928 UVW2 16.5676 0.0736
59929.750136 UVW2 17.1685 0.0772
59930.465980 UVW2 17.3183 0.0878
59931.464278 UVW2 17.5376 0.1271
59919.327674 U_S 15.0914 0.0416
59919.737054 U_S 15.0421 0.0294
59919.870438 U_S 14.9019 0.0383
59920.428575 U_S 14.9821 0.0375
59920.737683 U_S 14.9040 0.0469
59921.383985 U_S 14.9343 0.0385
59922.449482 U_S 14.9628 0.0383
59922.780442 U_S 14.9738 0.0384
59923.170600 U_S 14.9802 0.0379
59923.512483 U_S 14.9376 0.0361
59924.365417 U_S 15.0341 0.0398
59924.629831 U_S 15.0252 0.0392
59925.464729 U_S 15.0522 0.0450
59926.791960 U_S 15.2327 0.0408
59927.417440 U_S 15.1924 0.0475
59928.142868 U_S 15.2735 0.0575
59929.746309 U_S 15.4724 0.0478
59930.462292 U_S 15.6848 0.0544
59931.462139 U_S 15.7660 0.0701
59932.720933 U_S 16.1395 0.0646
59933.454264 U_S 16.2397 0.0653
59934.742281 U_S 16.4942 0.0789
59935.671640 U_S 16.9173 0.1315
59936.628008 U_S 16.8206 0.0957
59937.329752 U_S 16.9750 0.1147
59938.321053 U_S 17.1845 0.1127
59939.677000 U_S 17.0907 0.1050
59940.481864 U_S 17.0193 0.1116
59941.363689 U_S 17.2905 0.1277
59944.638767 U_S 17.5498 0.1666
59946.301566 U_S 17.4869 0.1537
59919.160320 V 16.5677 0.0720
59919.211500 V 16.6363 0.0116
59919.213190 V 16.6255 0.0121
59919.234960 V 16.6315 0.0719
59919.279350 V 16.5517 0.0801
59919.620150 V 16.6166 0.1897
59919.636510 V 16.5726 0.1736
59919.655960 V 16.5085 0.0109
59919.657680 V 16.5137 0.0082
59919.669880 V 16.5152 0.1327
59919.693940 V 16.5444 0.1220
59919.733070 V 16.4194 0.2793
59920.034610 V 16.4528 0.0893
59920.084430 V 16.4695 0.0681
59920.099420 V 16.4840 0.0153
59920.101110 V 16.4633 0.0141
59920.120120 V 16.4086 0.0544
59920.187810 V 16.3460 0.0600
59920.196800 V 16.3359 0.0657
59920.230510 V 16.3900 0.0581
59920.238050 V 16.3696 0.0672
59920.554790 V 16.3829 0.1681
59920.789030 V 16.3568 0.0215
59920.790720 V 16.3192 0.0190
59921.215220 V 16.3414 0.0156
59921.216930 V 16.3780 0.0224
59921.502120 V 16.3555 0.0115
59921.503830 V 16.3708 0.0105
59921.511300 V 16.3998 0.0764
59921.567090 V 16.3134 0.0819
59921.614060 V 16.2856 0.0878
59921.625510 V 16.1990 0.0991
59921.672170 V 16.1586 0.1211
59921.698000 V 16.1761 0.1046
59921.803770 V 16.1746 0.0602
59921.805470 V 16.1672 0.0314
59922.511910 V 16.1405 0.0430
59922.559910 V 16.1873 0.0654
59922.580680 V 16.1610 0.0085
59922.582380 V 16.1693 0.0085
59922.614650 V 16.1772 0.0761
59922.631670 V 16.1990 0.1061
59922.740930 V 16.1905 0.1339
59922.781410 V 16.1728 0.1506
59922.843140 V 16.2370 0.0164
59923.021510 V 16.2172 0.0230
59923.023210 V 16.1801 0.0179
59923.490600 V 16.2134 0.0067
59923.492310 V 16.2080 0.0067
59923.573200 V 16.1898 0.0466
59923.652280 V 16.2371 0.0411
59923.660790 V 16.2131 0.0536
59923.691820 V 16.1820 0.0562
59923.712410 V 16.1517 0.0576
59923.751140 V 16.1564 0.0617
59924.192800 V 16.1224 0.0082
59924.194490 V 16.1095 0.0083
59924.556250 V 16.1527 0.0345
59924.637010 V 16.1243 0.0357
59924.656080 V 16.1782 0.0642
59924.684150 V 16.1646 0.0596
59924.697950 V 16.1156 0.0525
59924.899690 V 16.1750 0.0086
59925.200540 V 16.1944 0.0197
59925.202230 V 16.1717 0.0097
59925.513620 V 16.1904 0.1014
59925.536020 V 16.1102 0.1007
59925.560350 V 16.1516 0.1097
59925.638510 V 16.2064 0.0085
59925.640230 V 16.1963 0.0085
59925.712150 V 16.1938 0.1108
59926.031420 V 16.1536 0.0333
59926.041810 V 16.1932 0.0486
59926.135450 V 16.1649 0.0367
59926.175670 V 16.1454 0.0352
59926.250920 V 16.1750 0.0477
59926.297180 V 16.1379 0.0567
59926.514720 V 16.1553 0.0462
59926.540210 V 16.1847 0.0286
59926.629980 V 16.2080 0.0075
59926.631700 V 16.1911 0.0078
59926.632840 V 16.1766 0.0400
59926.693210 V 16.1863 0.0877
59927.207560 V 16.1916 0.1075
59927.228550 V 16.1286 0.1159
59927.261780 V 16.1902 0.1018
59927.293970 V 16.1746 0.1342
59927.704120 V 16.2083 0.0653
59928.096900 V 16.1575 0.0331
59928.122490 V 16.1871 0.0354
59928.133310 V 16.2192 0.0358
59928.223930 V 16.2074 0.0248
59928.268060 V 16.2140 0.0358
59928.296950 V 16.2181 0.0428
59928.686460 V 16.1635 0.1460
59929.243630 V 16.2131 0.1306
59929.302880 V 16.2191 0.0418
59930.040410 V 16.1415 0.0311
59930.047940 V 16.1706 0.0346
59930.059730 V 16.1632 0.0276
59930.192660 V 16.1374 0.0313
59930.200930 V 16.1690 0.0421
59930.261460 V 16.1609 0.0499
59930.518850 V 16.1460 0.0366
59930.619900 V 16.1891 0.0468
59930.696520 V 16.1368 0.0460
59931.185000 V 16.1638 0.0383
59931.554050 V 16.1645 0.0067
59931.555750 V 16.1648 0.0064
59931.575890 V 16.1177 0.0417
59931.668060 V 16.1361 0.0502
59932.078390 V 16.0958 0.0389
59932.141920 V 16.0830 0.0362
59932.228510 V 16.1140 0.0370
59933.086490 V 16.0649 0.0391
59933.133610 V 16.0914 0.0252
59933.222320 V 16.1136 0.0264
59933.276810 V 16.1576 0.0365
59934.150560 V 16.1756 0.0107
59934.222310 V 16.1630 0.0240
59934.248200 V 16.1742 0.0427
59935.129270 V 16.1092 0.0415
59935.137030 V 16.1500 0.0283
59935.179640 V 16.1291 0.0275
59935.225340 V 16.1378 0.0395
59935.232860 V 16.1283 0.0433
59936.086640 V 16.1596 0.0339
59936.135690 V 16.1120 0.0431
59936.187020 V 16.1201 0.0286
59936.240230 V 16.1221 0.0317
59937.032620 V 16.1682 0.0379
59937.163700 V 16.1469 0.0348
59937.901710 V 16.2098 0.0079
59938.112330 V 16.1726 0.0401
59938.154630 V 16.2080 0.0361
59938.235120 V 16.1929 0.0361
59939.132210 V 16.1531 0.0394
59939.175070 V 16.1696 0.0370
59939.235430 V 16.1432 0.0312
59940.058730 V 16.2012 0.0353
59940.108740 V 16.1795 0.0386
59940.133760 V 16.1842 0.0444
59940.182290 V 16.1471 0.0381
59940.232040 V 16.1913 0.0359
59940.519230 V 16.1664 0.1097
59940.693800 V 16.1917 0.1639
59941.037830 V 16.2084 0.0400
59941.087450 V 16.1904 0.0324
59941.113140 V 16.2905 0.0153
59941.157970 V 16.2487 0.0327
59941.203460 V 16.1765 0.0256
59941.681030 V 16.0957 0.1426
59942.037320 V 16.2059 0.0429
59942.157150 V 16.2226 0.0402
59942.197960 V 16.1980 0.0371
59942.254470 V 16.2644 0.0385
59942.519760 V 16.2027 0.0692
59943.055150 V 16.2265 0.0140
59943.084040 V 16.2537 0.0475
59943.169660 V 16.2252 0.0565
59943.194160 V 16.2165 0.0404
59943.254010 V 16.2452 0.0376
59943.519890 V 16.2267 0.0503
59944.091730 V 16.2316 0.0436
59944.121880 V 16.2982 0.0696
59944.146260 V 16.2754 0.0148
59944.191100 V 16.2482 0.0523
59944.520060 V 16.2471 0.0901
59944.688100 V 16.2659 0.0491
59945.094110 V 16.2717 0.1884
59945.152310 V 16.2400 0.0154
59945.154590 V 16.2250 0.2278
59945.204600 V 16.2382 0.2259
59945.253610 V 16.2524 0.2198
59945.520020 V 16.2515 0.1191
59945.655530 V 16.2958 0.1761
59946.104390 V 16.2067 0.0555
59946.165980 V 16.2486 0.0560
59947.067440 V 16.2431 0.0679
59947.117610 V 16.3000 0.0638
59948.099660 V 16.3330 0.0586
59948.140430 V 16.3306 0.0728
59948.173560 V 16.3308 0.0726
59948.244550 V 16.3648 0.0847
59950.928160 V 16.3488 0.0193
59954.838690 V 16.4003 0.0147
59956.148970 V 16.4588 0.0514
59957.148930 V 16.4319 0.1994
59958.106460 V 16.4224 0.1817
59958.542790 V 16.4333 0.0075
59959.077940 V 16.4214 0.1407
59960.108410 V 16.4521 0.0433
59963.037320 V 16.4501 0.0088
59963.189270 V 16.4418 0.1657
59964.132720 V 16.4382 0.0131
59966.101820 V 16.4538 0.0161
59967.129660 V 16.4556 0.0177
59970.058970 V 16.4585 0.0134
59970.432730 V 16.4832 0.0118
59972.075440 V 16.4862 0.0142
59974.115370 V 16.5069 0.0146
59974.146240 V 16.5058 0.0751
59974.553930 V 16.5081 0.0863
59975.040250 V 16.5288 0.0106
59975.145860 V 16.5232 0.0867
59976.070360 V 16.5260 0.0150
59977.117170 V 16.5277 0.0804
59978.030010 V 16.5268 0.0769
59978.481470 V 16.5408 0.0103
59979.837060 V 16.5110 0.0124
59983.440190 V 16.5458 0.0085
59987.060620 V 16.5805 0.0104
59991.036530 V 16.6042 0.0131
59991.463290 V 16.6437 0.0119
59993.042850 V 16.6724 0.0133
59995.028320 V 16.6691 0.0087
59995.029980 V 16.6796 0.0134
59999.435740 V 16.6915 0.0096
60003.422480 V 16.7441 0.0106
60007.416880 V 16.8086 0.0124
60011.405660 V 16.8915 0.0114
60017.006930 V 17.0068 0.0149
59919.333394 V_S 16.5493 0.1219
59919.730861 V_S 16.5361 0.0884
59919.876156 V_S 16.4836 0.1173
59920.431148 V_S 16.3362 0.0962
59920.741789 V_S 16.2905 0.1333
59921.391016 V_S 16.2855 0.0992
59922.456714 V_S 16.2841 0.1001
59922.787587 V_S 16.2759 0.1012
59923.174567 V_S 16.2188 0.0918
59923.516777 V_S 16.1579 0.0847
59924.372624 V_S 16.1464 0.0914
59924.637118 V_S 16.4345 0.1122
59925.467437 V_S 16.3110 0.1216
59926.796043 V_S 16.1679 0.0863
59927.422573 V_S 16.1692 0.1096
59928.146437 V_S 16.2517 0.1410
59929.752980 V_S 16.2007 0.0985
59930.468721 V_S 16.2248 0.1018
59931.465845 V_S 15.8685 0.0982
59932.724684 V_S 16.2537 0.0970
59933.457218 V_S 16.1441 0.0859
59934.745974 V_S 16.1664 0.0924
59935.674074 V_S 16.2411 0.1220
59936.635243 V_S 16.3518 0.1056
59937.233570 V_S 16.5539 0.2190
59938.028883 V_S 16.3864 0.1893
59939.681544 V_S 16.2810 0.0895
59940.150999 V_S 16.1639 0.1251
59941.368148 V_S 16.2074 0.0863
59944.645914 V_S 16.2515 0.0967
59946.308762 V_S 16.4789 0.1183
59929.152023 c 16.2230 0.0120
59929.155177 c 16.2550 0.0130
59929.161033 c 16.2540 0.0140
59929.175437 c 16.1800 0.0120
59930.123382 c 16.2040 0.0140
59930.126534 c 16.2200 0.0120
59930.135961 c 16.2190 0.0130
59919.161530 g 16.5235 0.0471
59919.203000 g 16.5270 0.0280
59919.203119 g 16.5368 0.0331
59919.215090 g 16.5077 0.0120
59919.217710 g 16.5227 0.0123
59919.236170 g 16.5036 0.0583
59919.280790 g 16.5032 0.0652
59919.299860 g 16.5125 0.0188
59919.300000 g 16.5000 0.0160
59919.595894 g 16.5177 0.0163
59919.596000 g 16.5110 0.0130
59919.608573 g 16.5194 0.0160
59919.609000 g 16.5100 0.0120
59919.621380 g 16.5170 0.0918
59919.637750 g 16.5010 0.1425
59919.659570 g 16.5094 0.0108
59919.662200 g 16.4978 0.0093
59919.671120 g 16.4979 0.1813
59919.695190 g 16.4857 0.1903
59919.734290 g 16.5020 0.1123
59919.779550 g 16.5091 0.1766
59919.791632 g 16.5172 0.0252
59919.792000 g 16.5140 0.0230
59920.035820 g 16.4994 0.0638
59920.061000 g 16.4770 0.0130
59920.061446 g 16.4307 0.0169
59920.085650 g 16.4431 0.0601
59920.102980 g 16.4005 0.0151
59920.105590 g 16.4458 0.0156
59920.121330 g 16.4060 0.0603
59920.189020 g 16.4211 0.0721
59920.198020 g 16.4278 0.0648
59920.218000 g 16.4330 0.0150
59920.218488 g 16.4336 0.0177
59920.231720 g 16.4046 0.0641
59920.239270 g 16.4047 0.0528
59920.670471 g 16.3700 0.0364
59920.679862 g 16.3763 0.0226
59920.680000 g 16.4000 0.0200
59920.792600 g 16.3702 0.0190
59920.795220 g 16.4056 0.0204
59920.877000 g 16.3400 0.0210
59920.877170 g 16.3566 0.0250
59921.068000 g 16.3070 0.0130
59921.068178 g 16.3354 0.0165
59921.218820 g 16.3159 0.0182
59921.221450 g 16.3417 0.0110
59921.262636 g 16.3175 0.0173
59921.263000 g 16.3050 0.0140
59921.419638 g 16.3098 0.0167
59921.420000 g 16.3130 0.0130
59921.505710 g 16.3355 0.0104
59921.508340 g 16.3346 0.0109
59921.512530 g 16.3150 0.1070
59921.559549 g 16.2913 0.0162
59921.560000 g 16.3140 0.0120
59921.568330 g 16.3146 0.0901
59921.615310 g 16.3198 0.0890
59921.626750 g 16.2999 0.1086
59921.673410 g 16.3136 0.1038
59921.699240 g 16.3050 0.1058
59921.779000 g 16.3100 0.0180
59921.779397 g 16.2827 0.0208
59921.807360 g 16.2538 0.0185
59921.809980 g 16.2634 0.0141
59921.832604 g 16.2836 0.0239
59921.833000 g 16.2500 0.0210
59922.041000 g 16.2570 0.0130
59922.041029 g 16.2172 0.0165
59922.068663 g 16.2864 0.0161
59922.069000 g 16.2860 0.0130
59922.171000 g 16.2760 0.0740
59922.171038 g 16.2973 0.0816
59922.513160 g 16.3199 0.0782
59922.561140 g 16.3159 0.1108
59922.584270 g 16.2931 0.0083
59922.586910 g 16.2869 0.0083
59922.615870 g 16.3647 0.0999
59922.632900 g 16.3178 0.1150
59922.742160 g 16.3385 0.2062
59922.782630 g 16.3231 0.2059
59922.790000 g 16.2800 0.0130
59922.790190 g 16.3191 0.0168
59923.025110 g 16.3353 0.0154
59923.027720 g 16.3511 0.0128
59923.033000 g 16.3180 0.0240
59923.033060 g 16.3369 0.0264
59923.121000 g 16.3500 0.0240
59923.121348 g 16.3152 0.0269
59923.277000 g 16.3330 0.0160
59923.277263 g 16.3362 0.0185
59923.494210 g 16.3367 0.0097
59923.496840 g 16.3334 0.0091
59923.574420 g 16.3372 0.0814
59923.653510 g 16.3381 0.0876
59923.662020 g 16.3460 0.0985
59923.686000 g 16.3040 0.0130
59923.686223 g 16.3274 0.0165
59923.693060 g 16.3282 0.0880
59923.713640 g 16.2928 0.1076
59923.752360 g 16.3490 0.0958
59924.023000 g 16.3360 0.0280
59924.023487 g 16.3246 0.0301
59924.196390 g 16.2711 0.0100
59924.199020 g 16.2654 0.0116
59924.293978 g 16.3215 0.0161
59924.303000 g 16.2750 0.0120
59924.303182 g 16.3228 0.0161
59924.557470 g 16.3075 0.0833
59924.638240 g 16.3040 0.0844
59924.657310 g 16.2825 0.0943
59924.685390 g 16.3333 0.0931
59924.699170 g 16.3243 0.0853
59924.832625 g 16.3163 0.0183
59924.833000 g 16.2390 0.0160
59924.903250 g 16.2838 0.0091
59924.905880 g 16.2711 0.0098
59925.163000 g 16.2070 0.0170
59925.163420 g 16.2570 0.0204
59925.179574 g 16.3202 0.0140
59925.180000 g 16.3110 0.0100
59925.204120 g 16.2920 0.0108
59925.206740 g 16.3030 0.0108
59925.421613 g 16.3357 0.0149
59925.422000 g 16.2880 0.0110
59925.514850 g 16.2893 0.0987
59925.537250 g 16.3070 0.1143
59925.561590 g 16.2803 0.0833
59925.642120 g 16.3165 0.0112
59925.644750 g 16.3124 0.0112
59925.713380 g 16.2832 0.1775
59926.032630 g 16.2638 0.0383
59926.042380 g 16.2930 0.0474
59926.130992 g 16.2939 0.0129
59926.131000 g 16.3170 0.0080
59926.132000 g 16.3080 0.0250
59926.132485 g 16.3234 0.0268
59926.136670 g 16.2717 0.0399
59926.176880 g 16.2580 0.0387
59926.234000 g 16.3100 0.0280
59926.234126 g 16.3103 0.0292
59926.252140 g 16.2977 0.0402
59926.298390 g 16.2899 0.0536
59926.515950 g 16.3832 0.0871
59926.541440 g 16.2999 0.0815
59926.633580 g 16.3146 0.0092
59926.634070 g 16.3033 0.0821
59926.636210 g 16.2644 0.0088
59926.678699 g 16.3458 0.0174
59926.679000 g 16.3300 0.0140
59926.693810 g 16.3441 0.0930
59927.208780 g 16.2956 0.0899
59927.229760 g 16.3612 0.0976
59927.236000 g 16.3480 0.0150
59927.236497 g 16.3481 0.0181
59927.262990 g 16.3647 0.0806
59927.283358 g 16.3664 0.0172
59927.295180 g 16.2949 0.1198
59927.705350 g 16.3558 0.0913
59928.098120 g 16.3109 0.0395
59928.123700 g 16.3778 0.0416
59928.134520 g 16.3239 0.0395
59928.166652 g 16.3750 0.0210
59928.167000 g 16.3740 0.0190
59928.225140 g 16.3928 0.0426
59928.269270 g 16.3660 0.0407
59928.298160 g 16.3721 0.0542
59928.598410 g 16.3939 0.0077
59928.601030 g 16.3930 0.0072
59928.950000 g 16.3570 0.0100
59928.950338 g 16.3875 0.0142
59929.158727 g 16.3773 0.0140
59929.159000 g 16.3570 0.0090
59929.184680 g 16.3054 0.0995
59929.200569 g 16.3864 0.0142
59929.201000 g 16.3530 0.0100
59929.491000 g 16.3660 0.0100
59929.491446 g 16.3892 0.0137
59929.552920 g 16.3938 0.0903
59929.817000 g 16.3780 0.0140
59929.817257 g 16.4032 0.0176
59929.836586 g 16.4008 0.0370
59929.837000 g 16.3880 0.0320
59929.981895 g 16.3992 0.0139
59929.982000 g 16.3500 0.0100
59930.031750 g 16.3145 0.0480
59930.041630 g 16.3029 0.0522
59930.049140 g 16.3157 0.0481
59930.060940 g 16.3940 0.0420
59930.193880 g 16.3869 0.0447
59930.196000 g 16.3960 0.0090
59930.196236 g 16.4057 0.0135
59930.202140 g 16.3659 0.0479
59930.227000 g 16.3690 0.0220
59930.227027 g 16.3810 0.0240
59930.262670 g 16.4049 0.0482
59930.263000 g 16.3840 0.0100
59930.263023 g 16.3944 0.0139
59930.449780 g 16.3907 0.0134
59930.450000 g 16.3650 0.0090
59930.520070 g 16.3727 0.0797
59930.621140 g 16.3779 0.0839
59930.662000 g 16.3750 0.0130
59930.662446 g 16.3861 0.0164
59930.697760 g 16.3781 0.1196
59930.884563 g 16.4040 0.0145
59930.885000 g 16.3490 0.0100
59930.991000 g 16.3630 0.0100
59930.991409 g 16.4029 0.0141
59931.014941 g 16.3928 0.0145
59931.015000 g 16.3550 0.0110
59931.186220 g 16.3909 0.0454
59931.247000 g 16.3910 0.0090
59931.247402 g 16.3930 0.0135
59931.512555 g 16.4297 0.0464
59931.513000 g 16.4570 0.0440
59931.557660 g 16.4052 0.0088
59931.560290 g 16.4114 0.0084
59931.577130 g 16.4469 0.0789
59931.669300 g 16.3842 0.0819
59931.783739 g 16.3946 0.0184
59931.784000 g 16.4250 0.0150
59932.016000 g 16.3840 0.0140
59932.016447 g 16.4184 0.0173
59932.079600 g 16.3645 0.0526
59932.143130 g 16.3501 0.0428
59932.155000 g 16.3590 0.0160
59932.155282 g 16.3625 0.0192
59932.229720 g 16.4415 0.0412
59932.253596 g 16.3984 0.0133
59932.254000 g 16.3440 0.0090
59932.641000 g 16.3800 0.0100
59932.641442 g 16.4170 0.0146
59932.898000 g 16.3710 0.0120
59932.898338 g 16.4193 0.0156
59933.062130 g 16.4191 0.0114
59933.089790 g 16.4400 0.0349
59933.112000 g 16.3860 0.0210
59933.112472 g 16.3921 0.0233
59933.129905 g 16.4122 0.0135
59933.130000 g 16.3930 0.0090
59933.134830 g 16.4172 0.0419
59933.223530 g 16.4121 0.0392
59933.278020 g 16.3533 0.0509
59933.516000 g 16.4060 0.0100
59933.516351 g 16.4133 0.0140
59933.807000 g 16.3840 0.0130
59933.807390 g 16.4103 0.0169
59934.034000 g 16.4060 0.0100
59934.034421 g 16.4188 0.0139
59934.152090 g 16.3759 0.0118
59934.191000 g 16.3780 0.0170
59934.191418 g 16.3872 0.0201
59934.223520 g 16.4298 0.0486
59934.249420 g 16.3987 0.0393
59934.263749 g 16.4375 0.0146
59934.264000 g 16.4180 0.0110
59934.494000 g 16.3660 0.0170
59934.494321 g 16.4316 0.0196
59934.810000 g 16.4100 0.0130
59934.810036 g 16.4248 0.0169
59935.057606 g 16.4446 0.0138
59935.058000 g 16.4310 0.0100
59935.130490 g 16.4572 0.0436
59935.138240 g 16.4114 0.0450
59935.180860 g 16.4630 0.0434
59935.226560 g 16.3873 0.0442
59935.234080 g 16.4255 0.0433
59935.813000 g 16.4580 0.0120
59935.813254 g 16.3975 0.0157
59935.855170 g 16.3866 0.0307
59936.087900 g 16.4267 0.0447
59936.136270 g 16.3984 0.0433
59936.188250 g 16.3891 0.0386
59936.241660 g 16.4351 0.0421
59937.033970 g 16.4589 0.0509
59937.164910 g 16.4365 0.0432
59937.839000 g 16.3550 0.0120
59937.903240 g 16.4105 0.0097
59938.113000 g 16.3440 0.0090
59938.113550 g 16.4585 0.0484
59938.141000 g 16.3220 0.0180
59938.141353 g 16.4010 0.0210
59938.155840 g 16.4353 0.0503
59938.236330 g 16.4586 0.0426
59939.114000 g 16.4070 0.0190
59939.114439 g 16.4178 0.0215
59939.133420 g 16.4734 0.0575
59939.176280 g 16.4700 0.0503
59939.236640 g 16.4782 0.0477
59939.877990 g 16.4916 0.0269
59939.936000 g 16.4690 0.0130
59940.059950 g 16.4848 0.0475
59940.109950 g 16.4338 0.0608
59940.134980 g 16.5022 0.0516
59940.183500 g 16.4751 0.0475
59940.233260 g 16.4996 0.0465
59940.520470 g 16.4807 0.1378
59940.695040 g 16.5746 0.1324
59941.039040 g 16.5404 0.0429
59941.088660 g 16.5245 0.0464
59941.105760 g 16.5606 0.0144
59941.159190 g 16.5728 0.0458
59941.204680 g 16.5223 0.0424
59941.682270 g 16.5461 0.2047
59941.815920 g 16.5454 0.0180
59942.038540 g 16.5646 0.0596
59942.158360 g 16.5833 0.0450
59942.199180 g 16.6004 0.0445
59942.255680 g 16.6337 0.0468
59942.520980 g 16.6170 0.1054
59943.050170 g 16.6422 0.0138
59943.085260 g 16.6532 0.0609
59943.170880 g 16.6584 0.0533
59943.195370 g 16.6309 0.0432
59943.255230 g 16.6304 0.0414
59943.521120 g 16.6790 0.0881
59943.579000 g 16.6530 0.0120
59943.791010 g 16.6499 0.0188
59944.092940 g 16.6190 0.0683
59944.123100 g 16.6744 0.0644
59944.142220 g 16.6455 0.0149
59944.192300 g 16.6218 0.0557
59944.521300 g 16.6729 0.1046
59944.689350 g 16.6289 0.0984
59944.853670 g 16.7461 0.0286
59945.095320 g 16.7768 0.1737
59945.147490 g 16.7022 0.0152
59945.521240 g 16.7083 0.1118
59945.656780 g 16.7279 0.1876
59945.925160 g 16.7407 0.0294
59946.105610 g 16.7787 0.0648
59946.150968 g 16.7568 0.0365
59946.151000 g 16.7400 0.0340
59946.167200 g 16.7156 0.0647
59947.068660 g 16.7242 0.0752
59947.115390 g 16.7285 0.0189
59947.118830 g 16.7525 0.1242
59947.459969 g 16.7265 0.0171
59947.460000 g 16.8030 0.0130
59948.100870 g 16.7977 0.0672
59948.141640 g 16.7993 0.0719
59948.174780 g 16.8186 0.0619
59948.245760 g 16.8397 0.1006
59950.929710 g 16.8591 0.0231
59951.110000 g 16.8130 0.0150
59951.110193 g 16.7777 0.0179
59954.825000 g 16.8100 0.0180
59954.825455 g 16.8482 0.0204
59954.840230 g 16.8208 0.0265
59956.123000 g 16.8590 0.0370
59956.123052 g 16.8615 0.0391
59956.150190 g 16.8821 0.0428
59957.131555 g 16.8863 0.0450
59957.132000 g 16.8980 0.0440
59957.150140 g 16.8962 0.1815
59958.107670 g 16.9361 0.1576
59958.463944 g 16.9065 0.0149
59958.464000 g 16.9200 0.0120
59958.544340 g 16.9151 0.0099
59959.079150 g 16.9636 0.1472
59960.109630 g 16.9917 0.0427
59961.150000 g 16.9380 0.0310
59961.150416 g 16.9241 0.0328
59962.111000 g 16.9240 0.0440
59962.111032 g 16.9493 0.0440
59963.038860 g 16.9716 0.0102
59963.112952 g 16.9675 0.0247
59963.113000 g 16.9780 0.0230
59963.190490 g 16.9911 0.1749
59964.113000 g 16.9730 0.0370
59964.113381 g 17.0068 0.0381
59964.121680 g 16.9799 0.0142
59965.114000 g 16.9830 0.0260
59965.114228 g 17.0197 0.0283
59965.330000 g 17.0170 0.0280
59965.330084 g 17.0021 0.0260
59966.097670 g 17.0785 0.0153
59966.114713 g 17.0219 0.0240
59966.115000 g 17.0980 0.0210
59967.118244 g 17.0622 0.0595
59967.131190 g 17.0945 0.0217
59968.115789 g 17.0874 0.0339
59968.116000 g 17.0690 0.0320
59969.116000 g 17.0020 0.0240
59969.116238 g 17.0937 0.0259
59970.047730 g 17.0722 0.0138
59970.117000 g 17.0330 0.0280
59970.117106 g 17.0916 0.0298
59970.434250 g 17.0697 0.0124
59971.118000 g 17.0840 0.0360
59971.118456 g 17.1087 0.0376
59972.063110 g 17.0874 0.0141
59972.120000 g 17.1170 0.0330
59972.120251 g 17.1256 0.0341
59973.107000 g 17.1290 0.0400
59973.107203 g 17.1372 0.0426
59974.105460 g 17.1031 0.0151
59974.147460 g 17.1543 0.0480
59974.555180 g 17.1797 0.1202
59975.041790 g 17.1347 0.0126
59975.108570 g 17.1425 0.0538
59975.147080 g 17.1722 0.0728
59976.060810 g 17.1306 0.0150
59976.090000 g 17.1410 0.0150
59976.090387 g 17.1349 0.0184
59977.109868 g 17.1699 0.0439
59977.110000 g 17.1110 0.0400
59977.118380 g 17.1835 0.0771
59978.031230 g 17.1893 0.0642
59983.144829 g 17.1785 0.0339
59983.145000 g 17.1970 0.0320
59983.781500 g 17.1589 0.0170
59983.782000 g 17.1550 0.0130
59984.101911 g 17.1823 0.0503
59984.102000 g 17.1910 0.0500
59985.102000 g 17.1820 0.0450
59985.102491 g 17.1814 0.0529
59986.102772 g 17.1927 0.0558
59986.103000 g 17.2040 0.0510
59988.103045 g 17.2538 0.0963
59991.022880 g 17.2469 0.0137
59991.126000 g 17.2440 0.0290
59991.126025 g 17.3036 0.0307
59991.484723 g 17.2818 0.0172
59991.485000 g 17.2830 0.0140
59992.122410 g 17.3355 0.0526
59993.028010 g 17.3597 0.0136
59993.122378 g 17.3284 0.0789
59994.131000 g 17.3670 0.0320
59994.131373 g 17.3408 0.0336
59995.019650 g 17.2630 0.0136
59995.029860 g 17.3451 0.0110
59995.134566 g 17.3516 0.0350
59995.135000 g 17.3410 0.0330
59999.437270 g 17.3276 0.0118
59999.483977 g 17.2989 0.0197
59999.484000 g 17.3930 0.0160
60003.424010 g 17.4411 0.0137
60006.114105 g 17.4067 0.1371
60007.130862 g 17.4564 0.0773
60007.131000 g 17.3260 0.0660
60007.418460 g 17.4979 0.0142
60007.460000 g 17.3850 0.0330
60007.460082 g 17.4860 0.0348
60011.407190 g 17.5894 0.0153
60015.770000 g 17.5170 0.0170
60017.008470 g 17.8056 0.0181
60024.022000 g 17.8740 0.0190
60031.995000 g 18.1410 0.0420
60039.727000 g 18.8300 0.1560
60139.387000 g 19.8070 0.0720
60155.410000 g 19.9970 0.0800
60204.562000 g 20.3250 0.0700
60266.314000 g 20.7530 0.1000
59919.163973 i 16.9117 0.0989
59919.207720 i 16.9549 0.0502
59919.208000 i 16.9310 0.0480
59919.224120 i 16.8973 0.0232
59919.225810 i 16.9001 0.0223
59919.238611 i 16.9576 0.1208
59919.283455 i 16.9342 0.1174
59919.301889 i 16.8983 0.0312
59919.302000 i 16.8620 0.0290
59919.597946 i 16.8294 0.0201
59919.598000 i 16.8310 0.0170
59919.610626 i 16.7900 0.0187
59919.611000 i 16.7890 0.0160
59919.623970 i 16.7486 0.1969
59919.640325 i 16.7627 0.1254
59919.668620 i 16.7567 0.0183
59919.670330 i 16.7582 0.0170
59919.673700 i 16.7170 0.1204
59919.697793 i 16.7257 0.1092
59919.736857 i 16.7639 0.1748
59919.782117 i 16.7882 0.2160
59919.793660 i 16.6836 0.0367
59919.794000 i 16.6660 0.0350
59920.038491 i 16.6527 0.1072
59920.063000 i 16.6410 0.0180
59920.063476 i 16.6474 0.0210
59920.088098 i 16.6281 0.1022
59920.111970 i 16.6082 0.0226
59920.113650 i 16.6817 0.0232
59920.127052 i 16.6630 0.0799
59920.191466 i 16.6167 0.0920
59920.200485 i 16.6570 0.0989
59920.220505 i 16.6359 0.0225
59920.221000 i 16.6250 0.0200
59920.234183 i 16.6285 0.0899
59920.241729 i 16.6067 0.0877
59920.652189 i 16.6635 0.1159
59920.681904 i 16.6474 0.0328
59920.682000 i 16.6020 0.0290
59920.801620 i 16.6042 0.0327
59920.803310 i 16.5866 0.0356
59920.879000 i 16.5300 0.0380
59920.879199 i 16.5133 0.0514
59921.070000 i 16.5060 0.0210
59921.070218 i 16.5420 0.0234
59921.227870 i 16.5213 0.0268
59921.229580 i 16.5653 0.0455
59921.264678 i 16.5472 0.0218
59921.265000 i 16.5330 0.0190
59921.421669 i 16.5144 0.0236
59921.422000 i 16.5150 0.0210
59921.514750 i 16.5154 0.0143
59921.515102 i 16.5184 0.0627
59921.516450 i 16.5197 0.0152
59921.561590 i 16.5204 0.0176
59921.562000 i 16.5420 0.0150
59921.570903 i 16.4961 0.0720
59921.617885 i 16.4688 0.0796
59921.629323 i 16.4765 0.0862
59921.675979 i 16.4586 0.0908
59921.701820 i 16.4877 0.3203
59921.781000 i 16.4420 0.0320
59921.781425 i 16.4562 0.0339
59921.816330 i 16.4521 0.0307
59921.818020 i 16.4370 0.0353
59921.834623 i 16.4226 0.0463
59921.835000 i 16.4040 0.0440
59922.043000 i 16.4150 0.0230
59922.043082 i 16.4180 0.0244
59922.070703 i 16.3864 0.0236
59922.071000 i 16.3820 0.0210
59922.175632 i 16.3152 0.2375
59922.515732 i 16.3202 0.0453
59922.563730 i 16.3104 0.0697
59922.593320 i 16.3246 0.0135
59922.595020 i 16.3276 0.0136
59922.618440 i 16.3269 0.0647
59922.635499 i 16.3340 0.0635
59922.744747 i 16.3213 0.0824
59922.785223 i 16.3195 0.0915
59922.792000 i 16.3670 0.0180
59922.792207 i 16.3743 0.0207
59923.034090 i 16.3683 0.0214
59923.035000 i 16.2950 0.0260
59923.035077 i 16.3193 0.0283
59923.035780 i 16.2945 0.0224
59923.125960 i 16.3667 0.0279
59923.126000 i 16.3090 0.0250
59923.279000 i 16.3390 0.0160
59923.279304 i 16.3759 0.0194
59923.503240 i 16.3137 0.0194
59923.504970 i 16.3064 0.0175
59923.577024 i 16.2718 0.0510
59923.656084 i 16.3119 0.0455
59923.664594 i 16.3518 0.0417
59923.688000 i 16.3960 0.0140
59923.688263 i 16.3396 0.0175
59923.695657 i 16.2828 0.0506
59923.716229 i 16.2833 0.0455
59923.754954 i 16.2898 0.0822
59924.025516 i 16.2769 0.0371
59924.026000 i 16.2620 0.0350
59924.205420 i 16.2824 0.0174
59924.207100 i 16.2637 0.0156
59924.299000 i 16.2880 0.0150
59924.299136 i 16.3384 0.0183
59924.305199 i 16.3063 0.0181
59924.560072 i 16.2720 0.0338
59924.640841 i 16.2710 0.0549
59924.659888 i 16.3368 0.0526
59924.687971 i 16.3481 0.0465
59924.701758 i 16.3158 0.0523
59924.834666 i 16.3050 0.0229
59924.835000 i 16.2860 0.0200
59924.912250 i 16.3104 0.0143
59924.913940 i 16.3151 0.0149
59925.168000 i 16.3360 0.0230
59925.168013 i 16.2820 0.0252
59925.181663 i 16.3407 0.0151
59925.182000 i 16.3400 0.0110
59925.213100 i 16.3395 0.0321
59925.214810 i 16.3576 0.0380
59925.423654 i 16.3119 0.0199
59925.424000 i 16.2910 0.0170
59925.517415 i 16.3388 0.1246
59925.539831 i 16.2962 0.0719
59925.564189 i 16.2856 0.0781
59925.651170 i 16.2805 0.0139
59925.652880 i 16.2749 0.0144
59925.715987 i 16.2549 0.0914
59926.035088 i 16.2652 0.0623
59926.043560 i 16.2599 0.0581
59926.133000 i 16.2750 0.0110
59926.133045 i 16.2755 0.0149
59926.137281 i 16.2648 0.0335
59926.139127 i 16.2658 0.0315
59926.179334 i 16.2579 0.0576
59926.238930 i 16.2534 0.0354
59926.254604 i 16.2577 0.0530
59926.300839 i 16.2595 0.0601
59926.518530 i 16.2452 0.0396
59926.544015 i 16.2316 0.0453
59926.636619 i 16.2497 0.0382
59926.642610 i 16.2406 0.0128
59926.644320 i 16.2570 0.0119
59926.680740 i 16.2539 0.0181
59926.681000 i 16.2400 0.0150
59926.695107 i 16.2402 0.0719
59927.211454 i 16.2396 0.1149
59927.232211 i 16.2238 0.1139
59927.241000 i 16.2000 0.0160
59927.241092 i 16.2082 0.0192
59927.265654 i 16.2545 0.1241
59927.285446 i 16.2150 0.0179
59927.297868 i 16.2165 0.1475
59927.569383 i 16.2604 0.1934
59927.707934 i 16.1940 0.0572
59928.100580 i 16.2647 0.0343
59928.126154 i 16.2513 0.0470
59928.136993 i 16.1923 0.0462
59928.171000 i 16.2310 0.0170
59928.171243 i 16.2263 0.0208
59928.227596 i 16.2460 0.0341
59928.271710 i 16.2965 0.0563
59928.300619 i 16.2660 0.0590
59928.607420 i 16.2020 0.0124
59928.609130 i 16.2044 0.0127
59928.952000 i 16.2040 0.0130
59928.952378 i 16.2009 0.0165
59929.160756 i 16.2027 0.0154
59929.161000 i 16.2140 0.0120
59929.202598 i 16.2172 0.0152
59929.203000 i 16.1990 0.0120
59929.493000 i 16.2220 0.0120
59929.493487 i 16.2060 0.0160
59929.595675 i 16.1930 0.0807
59929.819000 i 16.1940 0.0150
59929.819278 i 16.2290 0.0183
59929.838593 i 16.2284 0.0929
59929.839000 i 16.2170 0.0850
59929.983946 i 16.2019 0.0155
59929.984000 i 16.2120 0.0120
59930.034373 i 16.1855 0.0735
59930.044086 i 16.2166 0.0643
59930.051590 i 16.2171 0.0381
59930.063396 i 16.2162 0.0349
59930.196329 i 16.2056 0.0491
59930.198000 i 16.2380 0.0100
59930.198266 i 16.2180 0.0143
59930.204604 i 16.1817 0.0472
59930.231617 i 16.1826 0.0278
59930.232000 i 16.2020 0.0250
59930.265000 i 16.1790 0.0110
59930.265053 i 16.1899 0.0154
59930.265125 i 16.1865 0.0637
59930.451878 i 16.2350 0.0148
59930.452000 i 16.2070 0.0110
59930.522665 i 16.1925 0.0389
59930.623737 i 16.2083 0.0321
59930.664000 i 16.2620 0.0180
59930.664487 i 16.2266 0.0203
59930.700348 i 16.2481 0.0492
59930.886614 i 16.2044 0.0162
59930.887000 i 16.2240 0.0130
59930.993000 i 16.2190 0.0120
59930.993473 i 16.2178 0.0157
59931.016981 i 16.2145 0.0168
59931.017000 i 16.1980 0.0130
59931.188891 i 16.1875 0.0536
59931.249000 i 16.2190 0.0100
59931.249435 i 16.2075 0.0142
59931.514584 i 16.2073 0.1020
59931.515000 i 16.1700 0.0960
59931.566730 i 16.2315 0.0126
59931.568420 i 16.2183 0.0126
59931.579707 i 16.2147 0.0570
59931.671886 i 16.2165 0.0482
59931.785756 i 16.2165 0.0192
59931.786000 i 16.2140 0.0160
59932.018522 i 16.2356 0.0204
59932.019000 i 16.2160 0.0170
59932.082047 i 16.2202 0.0570
59932.145588 i 16.1924 0.0523
59932.159878 i 16.2411 0.0201
59932.160000 i 16.2090 0.0170
59932.232174 i 16.2104 0.0388
59932.255590 i 16.2298 0.0140
59932.256000 i 16.2290 0.0100
59932.643000 i 16.2690 0.0130
59932.643484 i 16.2737 0.0166
59932.900000 i 16.2980 0.0130
59932.900378 i 16.2816 0.0169
59933.065550 i 16.2057 0.0198
59933.092309 i 16.2133 0.2119
59933.117000 i 16.2120 0.0200
59933.117053 i 16.3613 0.0237
59933.131934 i 16.2601 0.0141
59933.132000 i 16.2480 0.0100
59933.137290 i 16.1602 0.0459
59933.225993 i 16.2621 0.0545
59933.280491 i 16.2321 0.0551
59933.518000 i 16.2660 0.0120
59933.518391 i 16.2874 0.0152
59933.809000 i 16.2150 0.0170
59933.809418 i 16.2311 0.0194
59934.036000 i 16.2660 0.0110
59934.036461 i 16.2849 0.0149
59934.155500 i 16.2243 0.0174
59934.196000 i 16.1820 0.0160
59934.196001 i 16.2216 0.0194
59934.226197 i 16.2929 0.0515
59934.251876 i 16.2925 0.0553
59934.265813 i 16.2396 0.0150
59934.266000 i 16.2280 0.0110
59934.496000 i 16.2720 0.0120
59934.496361 i 16.2938 0.0152
59934.812000 i 16.2010 0.0140
59934.812076 i 16.2300 0.0178
59935.059648 i 16.3054 0.0146
59935.060000 i 16.2470 0.0110
59935.133167 i 16.2116 0.0503
59935.140706 i 16.2440 0.0462
59935.183315 i 16.1543 0.0510
59935.229001 i 16.2092 0.0524
59935.236532 i 16.2574 0.0529
59935.815000 i 16.2430 0.0140
59935.815283 i 16.3491 0.0178
59935.858590 i 16.2457 0.0595
59936.090372 i 16.1801 0.0461
59936.137451 i 16.1048 0.0663
59936.190707 i 16.2215 0.0462
59936.244113 i 16.2555 0.0396
59937.036423 i 16.2581 0.0706
59937.167349 i 16.2072 0.0444
59937.841000 i 16.2320 0.0150
59937.906640 i 16.1633 0.0138
59938.115000 i 16.1830 0.0100
59938.116011 i 16.1802 0.0534
59938.145937 i 16.2842 0.0206
59938.146000 i 16.1870 0.0170
59938.158291 i 16.1672 0.0329
59938.238797 i 16.2055 0.0547
59939.119000 i 16.1860 0.0200
59939.119023 i 16.2079 0.0229
59939.135875 i 16.1423 0.0639
59939.178737 i 16.2231 0.0483
59939.239086 i 16.1919 0.0477
59939.881410 i 16.2084 0.0328
59939.938000 i 16.1970 0.0160
59940.062396 i 16.1599 0.0428
59940.112411 i 16.1196 0.0451
59940.137430 i 16.0609 0.0404
59940.185961 i 16.1031 0.0376
59940.235722 i 16.1181 0.0342
59940.523057 i 16.0782 0.0738
59940.697620 i 16.1029 0.0849
59941.041502 i 16.1888 0.0482
59941.091124 i 16.1073 0.0492
59941.103900 i 16.2338 0.0136
59941.161643 i 16.1856 0.0520
59941.207124 i 16.1775 0.0575
59941.684860 i 16.1552 0.1114
59941.819330 i 16.1658 0.0221
59942.041003 i 16.2558 0.0605
59942.158940 i 16.2691 0.0138
59942.160822 i 16.1511 0.0295
59942.201630 i 16.2289 0.0516
59942.258145 i 16.2429 0.0477
59942.523582 i 16.1369 0.0616
59943.048900 i 16.2551 0.0136
59943.087723 i 16.1617 0.0598
59943.173329 i 16.2007 0.0390
59943.197817 i 16.2403 0.0616
59943.257679 i 16.2198 0.0445
59943.523715 i 16.1031 0.0561
59943.581000 i 16.2470 0.0130
59943.794430 i 16.1491 0.0202
59944.095394 i 16.2466 0.0619
59944.125565 i 16.1512 0.0732
59944.140870 i 16.2015 0.0136
59944.194754 i 16.1765 0.0713
59944.523896 i 16.0803 0.0476
59944.691930 i 16.1856 0.0330
59944.857090 i 16.2745 0.0342
59945.097778 i 16.2134 0.1775
59945.146130 i 16.2919 0.0139
59945.158261 i 16.1531 0.2439
59945.208284 i 16.2706 0.2387
59945.257266 i 16.1282 0.2193
59945.523839 i 16.1266 0.0808
59945.659368 i 16.2329 0.0765
59945.928580 i 16.1944 0.0324
59946.108070 i 16.1456 0.0635
59946.155565 i 16.2181 0.0314
59946.156000 i 16.1970 0.0290
59946.169656 i 16.1152 0.0738
59947.071113 i 16.1525 0.0824
59947.118810 i 16.2017 0.0301
59947.121273 i 16.1825 0.0660
59947.462000 i 16.2240 0.0120
59947.462011 i 16.2321 0.0172
59948.103323 i 16.2847 0.0675
59948.144085 i 16.1916 0.0626
59948.177235 i 16.2307 0.0669
59948.248224 i 16.2178 0.0748
59950.933100 i 16.1980 0.0218
59951.116000 i 16.1380 0.0100
59951.116186 i 16.1741 0.0141
59954.827000 i 16.1930 0.0180
59954.827483 i 16.2415 0.0211
59954.843640 i 16.2197 0.0422
59956.127634 i 16.2231 0.0416
59956.128000 i 16.1520 0.0380
59956.152650 i 16.2401 0.0428
59957.136000 i 16.1620 0.0280
59957.136139 i 16.1647 0.0293
59957.152579 i 16.1685 0.0633
59958.110131 i 16.1025 0.1377
59958.465996 i 16.2544 0.0154
59958.466000 i 16.2360 0.0120
59958.547770 i 16.1749 0.0145
59959.081601 i 16.2377 0.1266
59960.112092 i 16.2022 0.0529
59962.115620 i 16.1688 0.0302
59962.116000 i 16.1490 0.0280
59963.042270 i 16.1663 0.0161
59963.117533 i 16.2326 0.0201
59963.118000 i 16.1930 0.0170
59963.192954 i 16.2454 0.1213
59964.118188 i 16.1632 0.0400
59964.119270 i 16.1973 0.0122
59965.118812 i 16.1461 0.0356
59965.330000 i 16.1210 0.0340
59965.330077 i 16.1759 0.0304
59966.096440 i 16.2088 0.0142
59966.119000 i 16.1300 0.0180
59966.119303 i 16.1895 0.0213
59967.122842 i 16.2257 0.0504
59967.134630 i 16.2097 0.0289
59968.120000 i 16.1230 0.0210
59968.120381 i 16.1277 0.0240
59969.120823 i 16.2402 0.0187
59969.121000 i 16.1620 0.0150
59970.045510 i 16.2687 0.0127
59970.121702 i 16.2086 0.0230
59970.122000 i 16.1680 0.0200
59970.437650 i 16.1615 0.0146
59971.123000 i 16.1750 0.0230
59971.123056 i 16.2034 0.0252
59972.060510 i 16.2795 0.0128
59972.124836 i 16.2088 0.0255
59972.125000 i 16.1890 0.0230
59973.111790 i 16.2200 0.0271
59973.112000 i 16.1700 0.0240
59974.103880 i 16.2873 0.0132
59974.149932 i 16.2228 0.0730
59974.557767 i 16.1318 0.0392
59975.045240 i 16.1704 0.0153
59975.113153 i 16.1913 0.0401
59975.149536 i 16.2957 0.0514
59976.059260 i 16.2733 0.0145
59976.092000 i 16.1520 0.0120
59976.092404 i 16.2101 0.0158
59977.114000 i 16.1810 0.0230
59977.114459 i 16.2412 0.0261
59977.120830 i 16.1767 0.0598
59978.033679 i 16.2213 0.0707
59983.149000 i 16.1620 0.0260
59983.149424 i 16.1740 0.0283
59983.783529 i 16.2482 0.0153
59983.784000 i 16.2220 0.0110
59984.106694 i 16.2254 0.0347
59984.107000 i 16.1540 0.0320
59986.107000 i 16.1770 0.0240
59986.107365 i 16.2943 0.0272
59988.107654 i 16.2210 0.0850
59991.020320 i 16.3297 0.0134
59991.130617 i 16.2719 0.0230
59991.131000 i 16.2260 0.0200
59991.486800 i 16.2829 0.0148
59991.487000 i 16.2440 0.0110
59992.126988 i 16.2305 0.1314
59993.025050 i 16.2007 0.0128
59993.127176 i 16.2388 0.0714
59994.135962 i 16.2525 0.0256
59994.136000 i 16.2140 0.0230
59995.017090 i 16.2085 0.0131
59995.033270 i 16.2621 0.0140
59995.139000 i 16.2330 0.0220
59995.139152 i 16.2715 0.0246
59999.440700 i 16.2848 0.0138
59999.485996 i 16.3673 0.0195
59999.486000 i 16.3670 0.0170
60003.427430 i 16.3188 0.0162
60006.118696 i 16.3777 0.0410
60006.119000 i 16.3570 0.0390
60007.135000 i 16.3080 0.0250
60007.135450 i 16.3255 0.0273
60007.421880 i 16.3834 0.0137
60007.462000 i 16.4030 0.0160
60007.462124 i 16.4269 0.0192
60011.410630 i 16.4542 0.0171
60015.772000 i 16.5540 0.0140
60017.011900 i 16.6391 0.0281
60024.024000 i 16.7390 0.0160
60031.997000 i 17.0610 0.0250
60039.729000 i 17.7930 0.0680
60101.187000 i 18.5430 0.1150
60134.745000 i 18.8630 0.0550
60134.788000 i 18.9090 0.0690
60139.389000 i 19.0180 0.0580
60150.058000 i 19.0510 0.0370
60152.812000 i 19.1370 0.0490
60155.412000 i 19.1570 0.0690
60199.080000 i 19.6400 0.0440
60204.550000 i 19.7250 0.0710
60204.568000 i 19.7880 0.0510
60229.097000 i 19.9910 0.0740
60233.826000 i 20.0610 0.0800
60266.317000 i 20.2630 0.1270
59918.933279 o 16.6890 0.2760
59919.900921 o 16.6400 0.0430
59919.904132 o 16.5270 0.0370
59919.909537 o 16.5190 0.0320
59919.920370 o 16.5780 0.0340
59921.164896 o 16.3930 0.0330
59921.168050 o 16.4360 0.0360
59921.173944 o 16.3750 0.0310
59921.186911 o 16.4290 0.0320
59922.142535 o 16.3280 0.0360
59922.146167 o 16.3960 0.0230
59922.181296 o 16.3120 0.0300
59922.188659 o 16.3480 0.0240
59922.864024 o 16.2960 0.0220
59922.895665 o 16.3090 0.0200
59922.898865 o 16.2730 0.0230
59922.915242 o 16.3090 0.0240
59925.109816 o 16.2220 0.0150
59925.114516 o 16.2400 0.0150
59925.120532 o 16.2500 0.0160
59925.150729 o 16.2310 0.0260
59926.163125 o 16.2180 0.0160
59926.165903 o 16.2130 0.0170
59926.172211 o 16.2030 0.0160
59926.185266 o 16.2260 0.0170
59926.928168 o 16.2360 0.0170
59926.931336 o 16.2270 0.0150
59926.950787 o 16.2040 0.0170
59926.969840 o 16.1990 0.0180
59927.851435 o 16.2100 0.0150
59927.854225 o 16.1810 0.0140
59927.860169 o 16.1940 0.0140
59927.895730 o 16.1860 0.0140
59919.162770 r 16.7243 0.0797
59919.205000 r 16.7270 0.0350
59919.205420 r 16.7247 0.0360
59919.220530 r 16.7273 0.0221
59919.222220 r 16.7131 0.0213
59919.237400 r 16.7229 0.0700
59919.282250 r 16.7288 0.0612
59919.300880 r 16.6952 0.0220
59919.301000 r 16.6800 0.0190
59919.596926 r 16.5842 0.0161
59919.597000 r 16.5810 0.0130
59919.609594 r 16.6279 0.0177
59919.610000 r 16.6160 0.0140
59919.622720 r 16.5470 0.0934
59919.639080 r 16.5213 0.0732
59919.665020 r 16.5698 0.0153
59919.666720 r 16.5481 0.0139
59919.672470 r 16.4983 0.1158
59919.696550 r 16.5068 0.1021
59919.735640 r 16.5261 0.0818
59919.780890 r 16.5499 0.0971
59919.792640 r 16.5171 0.0264
59919.793000 r 16.4990 0.0240
59920.037280 r 16.4435 0.0737
59920.062000 r 16.5410 0.0140
59920.062456 r 16.5118 0.0183
59920.086890 r 16.4402 0.0669
59920.108400 r 16.4782 0.0196
59920.110090 r 16.4800 0.0205
59920.122560 r 16.4349 0.0604
59920.190260 r 16.4310 0.0514
59920.199260 r 16.4798 0.0839
59920.219000 r 16.4790 0.0150
59920.219497 r 16.4848 0.0182
59920.232960 r 16.4893 0.0530
59920.240510 r 16.4883 0.0627
59920.650800 r 16.4887 0.0828
59920.680871 r 16.4521 0.0228
59920.681000 r 16.4360 0.0200
59920.798030 r 16.4435 0.0285
59920.799720 r 16.4706 0.0263
59920.878000 r 16.4400 0.0230
59920.878179 r 16.4649 0.0257
59921.069000 r 16.3930 0.0130
59921.069210 r 16.4445 0.0170
59921.224280 r 16.3873 0.0453
59921.225980 r 16.4039 0.0464
59921.263656 r 16.3720 0.0180
59921.264000 r 16.3500 0.0150
59921.420649 r 16.4273 0.0169
59921.421000 r 16.3920 0.0130
59921.511160 r 16.3340 0.0162
59921.512870 r 16.3557 0.0143
59921.513880 r 16.3125 0.0476
59921.560569 r 16.3434 0.0153
59921.561000 r 16.3310 0.0110
59921.569680 r 16.2459 0.0512
59921.616660 r 16.2782 0.0840
59921.628100 r 16.3313 0.0550
59921.674750 r 16.3334 0.0587
59921.700580 r 16.3655 0.0591
59921.780000 r 16.2370 0.0200
59921.780417 r 16.3531 0.0231
59921.812770 r 16.3693 0.0185
59921.814460 r 16.3189 0.0208
59921.833626 r 16.3011 0.0309
59921.834000 r 16.2810 0.0290
59922.042000 r 16.3110 0.0140
59922.042073 r 16.3248 0.0168
59922.069683 r 16.2776 0.0172
59922.070000 r 16.2720 0.0140
59922.173331 r 16.2684 0.1002
59922.514510 r 16.2522 0.0497
59922.562490 r 16.1940 0.0534
59922.589730 r 16.2268 0.0121
59922.591430 r 16.2153 0.0109
59922.617220 r 16.1463 0.0559
59922.634250 r 16.1622 0.0501
59922.743510 r 16.1679 0.0647
59922.784000 r 16.1199 0.1014
59922.791000 r 16.1480 0.0130
59922.791199 r 16.1520 0.0162
59923.030520 r 16.1862 0.0170
59923.032210 r 16.2038 0.0172
59923.034000 r 16.2320 0.0200
59923.034080 r 16.2228 0.0229
59923.123659 r 16.2115 0.0240
59923.124000 r 16.2330 0.0210
59923.278000 r 16.2340 0.0120
59923.278295 r 16.1928 0.0160
59923.499660 r 16.2090 0.0142
59923.501360 r 16.2007 0.0147
59923.575780 r 16.1696 0.0290
59923.654860 r 16.1505 0.0461
59923.663370 r 16.1094 0.0500
59923.687000 r 16.1810 0.0110
59923.687243 r 16.2099 0.0151
59923.694410 r 16.1717 0.0540
59923.715000 r 16.1785 0.0412
59923.753720 r 16.1808 0.0725
59924.024000 r 16.1540 0.0240
59924.024496 r 16.1788 0.0262
59924.201850 r 16.1513 0.0171
59924.203540 r 16.1587 0.0180
59924.304000 r 16.1980 0.0120
59924.304191 r 16.1725 0.0155
59924.558830 r 16.1606 0.0229
59924.639590 r 16.1785 0.0384
59924.658660 r 16.1262 0.0513
59924.686730 r 16.1625 0.0504
59924.700520 r 16.1424 0.0398
59924.833646 r 16.1273 0.0197
59924.834000 r 16.1470 0.0170
59924.908680 r 16.1183 0.0123
59924.910370 r 16.1142 0.0119
59925.165720 r 16.1708 0.0210
59925.166000 r 16.1430 0.0180
59925.180595 r 16.1219 0.0143
59925.181000 r 16.1260 0.0100
59925.209540 r 16.1404 0.0188
59925.211220 r 16.1375 0.0207
59925.422622 r 16.1224 0.0151
59925.423000 r 16.1850 0.0110
59925.516190 r 16.1755 0.0747
59925.538600 r 16.1350 0.0533
59925.562940 r 16.1858 0.0484
59925.647580 r 16.1533 0.0130
59925.649280 r 16.1538 0.0132
59925.714740 r 16.1136 0.0722
59926.033870 r 16.1014 0.0472
59926.042980 r 16.1437 0.0595
59926.132000 r 16.1340 0.0090
59926.132035 r 16.1387 0.0135
59926.134983 r 16.1375 0.0282
59926.137910 r 16.1636 0.0464
59926.178120 r 16.1417 0.0402
59926.236629 r 16.1085 0.0286
59926.237000 r 16.1070 0.0260
59926.253380 r 16.1626 0.0482
59926.299620 r 16.1323 0.0475
59926.517300 r 16.1621 0.0333
59926.542790 r 16.1244 0.0351
59926.635400 r 16.1349 0.0233
59926.639020 r 16.1036 0.0105
59926.640720 r 16.1124 0.0107
59926.679720 r 16.1395 0.0159
59926.680000 r 16.1910 0.0120
59926.694510 r 16.1026 0.0478
59927.210230 r 16.1884 0.0693
59927.231000 r 16.1329 0.0677
59927.238793 r 16.1934 0.0179
59927.239000 r 16.1670 0.0140
59927.264440 r 16.1079 0.0788
59927.284390 r 16.1951 0.0162
59927.296640 r 16.1360 0.0894
59927.568150 r 16.1525 0.1327
59927.706710 r 16.0545 0.0422
59928.099360 r 16.0916 0.0360
59928.124950 r 16.1980 0.0467
59928.135770 r 16.1590 0.0378
59928.168945 r 16.1988 0.0209
59928.169000 r 16.1510 0.0180
59928.226390 r 16.1266 0.0425
59928.270500 r 16.1413 0.0372
59928.299400 r 16.1954 0.0456
59928.603830 r 16.1922 0.0105
59928.605540 r 16.1028 0.0107
59928.709271 r 16.1356 0.0616
59928.951000 r 16.1730 0.0100
59928.951358 r 16.1918 0.0139
59929.159736 r 16.1985 0.0136
59929.160000 r 16.1450 0.0090
59929.201578 r 16.1911 0.0133
59929.202000 r 16.1350 0.0090
59929.492000 r 16.1720 0.0100
59929.492466 r 16.1978 0.0141
59929.554270 r 16.0647 0.0521
59929.818000 r 16.0180 0.0190
59929.818270 r 16.0997 0.0274
59929.837584 r 16.0931 0.0584
59929.838000 r 16.0560 0.0510
59929.982927 r 16.0903 0.0138
59929.983000 r 16.0390 0.0100
59930.033150 r 16.0432 0.0478
59930.042870 r 16.0801 0.0411
59930.050380 r 16.0580 0.0414
59930.062170 r 16.0434 0.0410
59930.195110 r 16.0752 0.0411
59930.197000 r 16.0760 0.0090
59930.197257 r 16.0879 0.0133
59930.203390 r 16.0939 0.0461
59930.229000 r 16.0940 0.0230
59930.229322 r 16.0811 0.0253
59930.263920 r 16.0399 0.0408
59930.264000 r 16.0570 0.0090
59930.264043 r 16.0784 0.0137
59930.450858 r 16.0820 0.0134
59930.451000 r 16.0110 0.0090
59930.521420 r 16.0361 0.0253
59930.622500 r 16.0549 0.0351
59930.663000 r 16.0850 0.0120
59930.663467 r 16.0830 0.0155
59930.699120 r 16.0993 0.0268
59930.885583 r 16.0844 0.0147
59930.886000 r 16.1040 0.0110
59930.992000 r 16.1490 0.0110
59930.992452 r 16.0855 0.0145
59931.015961 r 16.0831 0.0147
59931.016000 r 16.1050 0.0110
59931.187680 r 16.0362 0.0360
59931.248000 r 16.0570 0.0090
59931.248415 r 16.0863 0.0136
59931.513564 r 16.0688 0.0442
59931.514000 r 16.1590 0.0410
59931.563120 r 16.0741 0.0117
59931.564830 r 16.0603 0.0110
59931.578480 r 16.0934 0.0269
59931.670660 r 16.0341 0.0321
59931.784747 r 16.0514 0.0163
59931.785000 r 16.0720 0.0130
59932.017502 r 16.0537 0.0179
59932.018000 r 16.0970 0.0140
59932.080840 r 15.9869 0.0412
59932.144370 r 16.0103 0.0412
59932.157579 r 16.0814 0.0183
59932.158000 r 16.0580 0.0150
59932.230960 r 16.0165 0.0455
59932.254593 r 16.0540 0.0131
59932.255000 r 16.0410 0.0090
59932.642000 r 16.0620 0.0110
59932.642462 r 16.0529 0.0154
59932.899000 r 16.0670 0.0130
59932.899370 r 16.0534 0.0163
59933.064020 r 16.0266 0.0169
59933.091090 r 16.0209 0.0462
59933.114759 r 16.0929 0.0215
59933.115000 r 16.0680 0.0180
59933.130925 r 16.0592 0.0131
59933.131000 r 16.0680 0.0090
59933.136070 r 16.0168 0.0400
59933.224770 r 16.0444 0.0368
59933.279270 r 16.0720 0.0321
59933.517000 r 16.0110 0.0090
59933.517370 r 16.0509 0.0132
59933.808000 r 16.0760 0.0130
59933.808398 r 16.0593 0.0165
59934.035000 r 16.0850 0.0100
59934.035429 r 16.0567 0.0141
59934.153960 r 16.0313 0.0127
59934.193709 r 16.0814 0.0180
59934.194000 r 16.0550 0.0150
59934.224980 r 16.0084 0.0318
59934.250660 r 16.0126 0.0397
59934.264769 r 16.0569 0.0136
59934.265000 r 16.0580 0.0090
59934.495000 r 16.1030 0.0110
59934.495341 r 16.0702 0.0156
59934.811000 r 16.0300 0.0110
59934.811056 r 16.0705 0.0151
59935.058627 r 16.0710 0.0130
59935.059000 r 16.0930 0.0080
59935.131950 r 16.0230 0.0399
59935.139490 r 16.1205 0.0385
59935.182100 r 16.0539 0.0306
59935.227790 r 16.1125 0.0316
59935.235310 r 16.0760 0.0383
59935.814000 r 16.1000 0.0120
59935.814275 r 16.0722 0.0156
59935.857040 r 16.1295 0.0328
59936.089150 r 16.0600 0.0427
59936.136870 r 16.0705 0.0540
59936.189490 r 16.0331 0.0350
59936.242900 r 16.1135 0.0409
59937.035210 r 16.0388 0.0478
59937.166140 r 16.0684 0.0393
59937.840000 r 16.1180 0.0110
59937.905110 r 16.0444 0.0121
59938.114000 r 16.0800 0.0080
59938.114800 r 16.0377 0.0455
59938.143642 r 16.1031 0.0184
59938.144000 r 16.0830 0.0150
59938.157080 r 16.0335 0.0414
59938.237580 r 16.0955 0.0435
59939.116728 r 16.1002 0.0205
59939.117000 r 16.1080 0.0180
59939.134670 r 16.0029 0.0495
59939.177520 r 16.0399 0.0365
59939.237870 r 16.0428 0.0413
59939.879890 r 16.1001 0.0265
59939.937000 r 16.0690 0.0130
59940.061190 r 16.0246 0.0437
59940.111200 r 16.0383 0.0428
59940.136220 r 16.0404 0.0491
59940.184740 r 16.0139 0.0341
59940.234500 r 16.0278 0.0401
59940.521830 r 15.9888 0.0813
59940.696390 r 16.0055 0.0779
59941.040280 r 16.0435 0.0389
59941.089900 r 16.0713 0.0476
59941.102800 r 16.0803 0.0139
59941.160430 r 16.0953 0.0408
59941.205910 r 16.0736 0.0424
59941.683620 r 16.0359 0.0776
59941.817790 r 16.0938 0.0192
59942.039790 r 16.1039 0.0444
59942.156890 r 16.1040 0.0123
59942.159610 r 16.0666 0.0322
59942.200410 r 16.1153 0.0349
59942.256920 r 16.2024 0.0394
59942.522340 r 16.0316 0.0614
59943.046660 r 16.1271 0.0125
59943.086500 r 16.0789 0.0512
59943.172120 r 16.0351 0.0444
59943.196610 r 16.0822 0.0320
59943.256470 r 16.1145 0.0389
59943.522480 r 16.0911 0.0532
59943.580000 r 16.0850 0.0100
59943.792900 r 16.1105 0.0163
59944.094180 r 16.1071 0.0502
59944.124350 r 16.0285 0.0397
59944.138410 r 16.0587 0.0128
59944.193550 r 16.0223 0.0505
59944.522650 r 16.0282 0.0579
59944.690700 r 16.0842 0.0489
59944.855550 r 16.0789 0.0293
59945.096560 r 16.0958 0.1325
59945.144130 r 16.1555 0.0130
59945.157040 r 16.0038 0.1286
59945.207060 r 16.0251 0.1381
59945.256060 r 16.0498 0.1448
59945.522610 r 16.0585 0.0791
59945.658140 r 16.0198 0.0550
59945.927050 r 16.0330 0.0315
59946.106850 r 16.0250 0.0497
59946.153000 r 16.0140 0.0250
59946.153273 r 16.0206 0.0272
59946.168440 r 16.0762 0.0613
59947.069890 r 16.0491 0.0586
59947.117250 r 16.0696 0.0233
59947.120060 r 16.0992 0.0562
59947.460990 r 16.0620 0.0147
59947.461000 r 16.1780 0.0110
59948.102110 r 16.1957 0.0624
59948.142880 r 16.1835 0.0510
59948.176020 r 16.1653 0.0520
59948.247010 r 16.1537 0.0567
59950.931570 r 16.1081 0.0230
59951.113000 r 16.1400 0.0130
59951.113079 r 16.1428 0.0169
59954.826000 r 16.1750 0.0230
59954.826475 r 16.2123 0.0244
59954.842100 r 16.1971 0.0311
59956.125000 r 16.1900 0.0350
59956.125342 r 16.1955 0.0364
59956.151430 r 16.2951 0.0467
59957.133847 r 16.1967 0.0372
59957.134000 r 16.1870 0.0360
59957.151370 r 16.1903 0.0421
59958.108920 r 16.1353 0.1215
59958.464976 r 16.2269 0.0141
59958.465000 r 16.2480 0.0090
59958.546220 r 16.1790 0.0109
59959.080390 r 16.2458 0.0999
59960.110870 r 16.2135 0.0441
59962.113000 r 16.1670 0.0280
59962.113318 r 16.2034 0.0304
59963.040730 r 16.1855 0.0123
59963.115000 r 16.1950 0.0160
59963.115242 r 16.2005 0.0191
59963.191730 r 16.2020 0.1128
59964.115686 r 16.2290 0.0332
59964.116980 r 16.2123 0.0123
59965.116514 r 16.2122 0.0203
59965.117000 r 16.2100 0.0170
59965.330000 r 16.1650 0.0240
59966.095060 r 16.2384 0.0139
59966.117000 r 16.2020 0.0170
59966.117008 r 16.2282 0.0197
59967.120532 r 16.2179 0.0543
59967.133080 r 16.2363 0.0279
59968.118000 r 16.1830 0.0210
59968.118092 r 16.2115 0.0237
59969.118530 r 16.2251 0.0204
59969.119000 r 16.2070 0.0180
59970.041600 r 16.2031 0.0125
59970.119000 r 16.1830 0.0190
59970.119401 r 16.2284 0.0216
59970.436130 r 16.1804 0.0148
59971.120752 r 16.2434 0.0255
59971.121000 r 16.2030 0.0230
59972.057570 r 16.2042 0.0123
59972.122546 r 16.2294 0.0239
59972.123000 r 16.1720 0.0210
59973.109000 r 16.1910 0.0240
59973.109499 r 16.2124 0.0263
59974.101550 r 16.2141 0.0125
59974.148700 r 16.1462 0.0532
59974.556520 r 16.2181 0.0334
59975.043710 r 16.2130 0.0137
59975.110856 r 16.2125 0.0353
59975.148310 r 16.2627 0.0512
59976.057030 r 16.2332 0.0132
59976.091000 r 16.2390 0.0130
59976.091395 r 16.2520 0.0157
59977.112000 r 16.2010 0.0210
59977.112159 r 16.2314 0.0235
59977.119620 r 16.1566 0.0490
59978.032470 r 16.2591 0.0535
59983.147000 r 16.2520 0.0200
59983.147125 r 16.2274 0.0230
59983.782509 r 16.2790 0.0139
59983.783000 r 16.2580 0.0100
59984.104000 r 16.2130 0.0250
59984.104397 r 16.2261 0.0284
59986.105000 r 16.2660 0.0230
59986.105066 r 16.2428 0.0257
59988.069570 r 16.2478 0.0125
59988.105359 r 16.2458 0.0804
59991.017660 r 16.2670 0.0134
59991.128000 r 16.2700 0.0210
59991.128322 r 16.2632 0.0238
59991.485745 r 16.2871 0.0141
59991.486000 r 16.3010 0.0090
59992.124698 r 16.2874 0.1021
59993.022150 r 16.2890 0.0129
59993.124878 r 16.2879 0.0641
59993.125000 r 16.2890 0.0600
59994.133665 r 16.2857 0.0232
59994.134000 r 16.2900 0.0210
59995.014330 r 16.3035 0.0132
59995.031740 r 16.2932 0.0118
59995.136861 r 16.3000 0.0224
59995.137000 r 16.2950 0.0200
59999.439170 r 16.3266 0.0118
59999.484987 r 16.3329 0.0163
59999.485000 r 16.3590 0.0130
60003.425890 r 16.3662 0.0133
60006.116000 r 16.3670 0.0350
60006.116391 r 16.4284 0.0371
60007.133000 r 16.4460 0.0260
60007.133149 r 16.4223 0.0321
60007.420350 r 16.4277 0.0122
60007.461000 r 16.4800 0.0150
60007.461103 r 16.4799 0.0192
60011.409110 r 16.4897 0.0133
60015.771000 r 16.5940 0.0110
60017.010360 r 16.6176 0.0185
60024.023000 r 16.7680 0.0140
60031.996000 r 17.0770 0.0230
60039.728000 r 17.7000 0.0400
60101.185000 r 18.4400 0.0740
60134.784000 r 18.7480 0.0270
60139.388000 r 18.8810 0.0440
60150.054000 r 18.9290 0.0220
60152.809000 r 18.9330 0.0370
60155.411000 r 19.0090 0.0450
60199.077000 r 19.4130 0.0340
60204.565000 r 19.4800 0.0380
60224.111000 r 19.5820 0.0800
60229.095000 r 19.6680 0.0450
60233.715000 r 19.7370 0.0700
60233.825000 r 19.7810 0.0770
60252.331000 r 19.9620 0.1270
59919.297644 u 16.1369 0.0237
59919.298000 u 16.1140 0.0220
59919.593645 u 16.2116 0.0222
59919.594000 u 16.0930 0.0190
59919.606000 u 16.1230 0.0180
59919.606335 u 16.1319 0.0210
59919.789000 u 16.0370 0.0290
59919.789406 u 16.0729 0.0317
59920.059000 u 16.0460 0.0200
59920.059209 u 16.0866 0.0218
59920.216000 u 16.0200 0.0210
59920.216239 u 16.0505 0.0226
59920.668245 u 16.0645 0.0377
59920.677634 u 16.0784 0.0393
59920.678000 u 16.0410 0.0380
59920.874932 u 16.1578 0.0291
59920.875000 u 16.0540 0.0270
59921.065953 u 16.0676 0.0213
59921.066000 u 16.0090 0.0180
59921.260000 u 15.9980 0.0220
59921.260414 u 16.0384 0.0242
59921.417000 u 16.0350 0.0190
59921.417399 u 16.1040 0.0214
59921.557000 u 15.9840 0.0190
59921.557321 u 16.0672 0.0219
59921.776394 u 15.9904 0.0525
59921.777000 u 15.9830 0.0250
59921.777182 u 15.9812 0.0266
59921.830000 u 15.9700 0.0250
59921.830367 u 15.9873 0.0277
59922.038803 u 16.0037 0.0205
59922.039000 u 15.9830 0.0180
59922.066000 u 15.9710 0.0150
59922.066438 u 16.0149 0.0183
59922.787976 u 16.0016 0.0230
59922.788000 u 16.0030 0.0210
59923.030822 u 16.0276 0.0370
59923.031000 u 15.9990 0.0350
59923.275000 u 15.9650 0.0230
59923.275037 u 15.9727 0.0251
59923.683984 u 16.0252 0.0244
59923.684000 u 15.9810 0.0220
59924.021000 u 16.0250 0.0530
59924.021273 u 16.0140 0.0548
59924.291753 u 16.0804 0.0274
59924.300956 u 16.1127 0.0261
59924.301000 u 16.0210 0.0240
59924.830000 u 16.0410 0.0300
59924.830375 u 16.0976 0.0317
59925.177000 u 16.0970 0.0130
59925.177336 u 16.0981 0.0168
59925.419000 u 16.1320 0.0170
59925.419388 u 16.1955 0.0200
59926.128754 u 16.1577 0.0156
59926.129000 u 16.1570 0.0120
59926.676000 u 16.1440 0.0290
59926.676460 u 16.2195 0.0318
59927.281121 u 16.3704 0.0280
59928.948000 u 16.3730 0.0180
59928.948101 u 16.5433 0.0205
59929.156000 u 16.3700 0.0180
59929.156467 u 16.4594 0.0204
59929.198000 u 16.3780 0.0180
59929.198355 u 16.4279 0.0205
59929.489000 u 16.4480 0.0170
59929.489232 u 16.4533 0.0195
59929.815000 u 16.4300 0.0240
59929.815008 u 16.4476 0.0256
59929.834000 u 16.5020 0.0300
59929.834349 u 16.5140 0.0316
59929.979657 u 16.5902 0.0193
59929.980000 u 16.4690 0.0160
59930.193999 u 16.6030 0.0167
59930.194000 u 16.4840 0.0130
59930.260796 u 16.5250 0.0184
59930.261000 u 16.4560 0.0150
59930.447531 u 16.5742 0.0188
59930.448000 u 16.5250 0.0150
59930.660000 u 16.4280 0.0310
59930.660229 u 16.5021 0.0322
59930.882000 u 16.5620 0.0170
59930.882314 u 16.5724 0.0200
59930.989171 u 16.5977 0.0190
59931.012704 u 16.6546 0.0210
59931.013000 u 16.5780 0.0180
59931.245000 u 16.6030 0.0140
59931.245177 u 16.7364 0.0173
59931.510000 u 16.6080 0.0410
59931.510327 u 16.6132 0.0421
59931.781512 u 16.6397 0.0286
59931.782000 u 16.6330 0.0260
59932.014000 u 16.7340 0.0210
59932.014209 u 16.7872 0.0228
59932.251000 u 16.7850 0.0160
59932.251370 u 16.8999 0.0195
59932.639000 u 16.7580 0.0250
59932.639205 u 16.8093 0.0278
59932.896000 u 16.8260 0.0220
59932.896100 u 16.8325 0.0241
59933.127680 u 17.1106 0.0210
59933.128000 u 16.9740 0.0180
59933.514000 u 17.0320 0.0190
59933.514113 u 17.0368 0.0217
59933.805000 u 17.0340 0.0270
59933.805153 u 17.0921 0.0300
59934.032000 u 17.0560 0.0200
59934.032195 u 17.0895 0.0222
59934.261535 u 17.1175 0.0335
59934.262000 u 17.0400 0.0310
59934.807811 u 17.2287 0.0299
59934.808000 u 17.1900 0.0280
59935.055000 u 17.2650 0.0200
59935.055356 u 17.2839 0.0220
59935.811000 u 17.3530 0.0300
59935.811017 u 17.4048 0.0321
59937.836000 u 17.6380 0.0280
59938.111000 u 17.7550 0.0200
59939.934000 u 17.8840 0.0380
59943.576000 u 18.3020 0.0510
59947.457742 u 18.5130 0.0642
59947.458000 u 18.5000 0.0690
59954.823000 u 18.7350 0.0980
59954.823241 u 18.8651 0.1075
59958.461730 u 19.3392 0.0896
59958.462000 u 19.3050 0.0930
59970.050650 u 20.0991 0.0504
59972.065760 u 20.1796 0.0597
59974.107360 u 20.1434 0.0909
59976.088000 u 20.0160 0.1510
59976.088161 u 20.1611 0.1863
59983.779274 u 20.1901 0.1325
59991.025450 u 20.6585 0.0583
59991.482495 u 20.5589 0.4663
59993.031030 u 20.7395 0.0863
59995.022230 u 20.9085 0.0995
59999.481750 u 20.5815 0.4902
60007.457857 u 20.5302 0.4406
59919.210019 z 17.2300 0.1274
59922.177929 z 16.7916 0.0749
59923.128000 z 16.5230 0.0560
59923.128261 z 16.5878 0.0627
59925.170000 z 16.4780 0.0520
59925.170305 z 16.5086 0.0536
59926.139583 z 16.5084 0.0673
59926.241232 z 16.5057 0.0787
59927.243000 z 16.4330 0.0330
59927.243392 z 16.4613 0.0347
59928.173534 z 16.4533 0.0371
59928.174000 z 16.4060 0.0350
59930.233913 z 16.4602 0.0592
59930.234000 z 16.4550 0.0570
59932.162000 z 16.4450 0.0370
59932.162163 z 16.4174 0.0424
59933.119000 z 16.3740 0.0460
59933.119362 z 16.3898 0.0658
59934.198000 z 16.2920 0.0350
59934.198299 z 16.3884 0.0380
59938.148000 z 16.3360 0.0440
59938.148230 z 16.2899 0.0515
59939.121000 z 16.3000 0.0450
59939.121324 z 16.2648 0.0477
59946.157856 z 16.2056 0.0708
59946.158000 z 16.2530 0.0600
59956.129948 z 16.1691 0.0720
59956.130000 z 16.1290 0.0630
59957.138000 z 16.2000 0.0550
59957.138436 z 16.1556 0.0632
59962.117918 z 16.1274 0.0687
59963.119843 z 16.1774 0.0690
59964.120683 z 16.1255 0.0633
59965.121000 z 16.1050 0.0390
59965.121102 z 16.1220 0.0435
59966.121599 z 16.1464 0.0505
59966.122000 z 16.1400 0.0440
59968.122682 z 16.1710 0.0626
59969.123000 z 16.1470 0.0290
59969.123123 z 16.1363 0.0428
59970.124000 z 16.1710 0.0430
59970.124003 z 16.1422 0.0463
59971.125000 z 16.1800 0.0460
59971.125351 z 16.1998 0.0481
59972.127000 z 16.1350 0.0480
59972.127126 z 16.1618 0.0537
59973.114000 z 16.1400 0.0460
59973.114098 z 16.1309 0.0521
59975.115444 z 16.1465 0.0891
59977.116749 z 16.1775 0.0698
59983.151720 z 16.1672 0.0609
59984.109199 z 16.1842 0.0607
59986.109663 z 16.1941 0.0702
59986.110000 z 16.2450 0.0610
59988.109949 z 16.2509 0.0646
59991.132914 z 16.2341 0.0466
59991.133000 z 16.1650 0.0420
59992.129280 z 16.2438 0.0948
59993.129676 z 16.2108 0.0766
59994.138252 z 16.2030 0.0811
59995.141448 z 16.2708 0.0637
60006.120992 z 16.2937 0.0850
60007.137747 z 16.2982 0.0680
60007.138000 z 16.3080 0.0590
